AK01|AK|1|Alaska|District 1|626932|69.3|3.5|15.6|4.0|0.5|5.4|1.6|4.1|67.6|3.4|7.8|51571|43.5|9.4|53.8|10.2|45.9|0.5|35.8|5.6|44.9|24.7|34.4|26.1|10.8||||52.5|28.5|0.2|0.3||
AL01|AL|1|Alabama|District 1|635300|68.5|28.1|1.0|1.0|0.0|1.0|0.4|1.3|67.8|28.0|1.8|34739|32.7|16.9|41.7|51.0|40.7|0.0|0.1|13.0|41.5|18.5|28.2|26.5|17.0||||52.4|23.0|0.3|0.2||
AL02|AL|2|Alabama|District 2|635300|67.7|29.6|0.4|0.6|0.0|1.0|0.5|1.5|67.0|29.4|1.4|32460|35.8|17.2|43.8|53.5|29.1|0.0|0.4|13.3|41.6|18.0|28.9|26.2|18.1||||51.3|22.1|0.3|0.3||
AL03|AL|3|Alabama|District 3|635300|65.5|32.4|0.3|0.6|0.0|0.8|0.4|1.2|64.9|32.2|1.4|30806|33.6|18.8|43.2|41.5|37.4|0.0|0.3|12.9|42.0|16.7|26.9|24.8|22.0||||48.9|20.4|0.2|0.2||
AL04|AL|4|Alabama|District 4|635300|91.7|5.2|0.4|0.2|0.0|1.0|1.5|3.0|90.4|5.1|2.2|31344|35.5|14.7|38.9|43.8|29.1|0.2|0.7|14.5|43.2|11.3|23.2|22.8|27.0||||59.0|24.4|0.2|0.2||
AL05|AL|5|Alabama|District 5|635300|78.8|17.0|1.0|1.0|0.0|1.6|0.7|2.0|77.7|16.9|2.1|38054|37.1|12.5|44.5|56.6|28.4|0.0|0.8|12.3|46.3|23.5|33.3|23.7|19.3||||55.2|24.1|0.2|0.2||
AL06|AL|6|Alabama|District 6|635300|89.7|7.7|0.3|0.9|0.0|0.8|0.6|1.6|88.8|7.7|2.2|46946|41.3|8.1|44.3|40.3|49.2|0.0|0.2|12.3|48.8|29.6|38.5|29.2|11.6||||59.6|27.0|0.2|0.2||
AL07|AL|7|Alabama|District 7|635300|36.0|62.0|0.2|0.6|0.0|0.7|0.5|1.3|35.5|61.7|1.7|26672|25.9|24.7|41.7|35.1|52.9|0.0|0.3|13.0|38.8|15.1|25.4|28.0|19.0||||38.8|16.6|0.3|0.3||
AR01|AR|1|Arkansas|District 1|668360|81.0|16.7|0.4|0.3|0.0|1.0|0.5|1.6|80.2|16.6|1.1|28940|35.2|18.5|44.5|30.9|42.0|0.0|0.2|15.2|41.5|12.3|24.9|23.9|24.1||||54.7|22.2|0.2|0.2||
AR02|AR|2|Arkansas|District 2|666058|76.6|19.5|0.5|0.9|0.0|1.3|1.1|2.4|75.6|19.4|2.5|37221|38.9|12.7|48.9|34.3|55.5|0.0|0.1|12.1|46.9|23.2|32.3|28.2|14.9||||52.0|22.2|0.2|0.3||
AR03|AR|3|Arkansas|District 3|672756|90.1|2.0|1.3|1.4|0.2|1.9|3.0|6.3|87.3|2.0|5.7|33915|38.7|13.7|51.2|32.1|49.4|0.0|0.1|13.1|46.1|17.9|27.9|25.1|22.1||||57.5|25.1|0.2|0.2||
AR04|AR|4|Arkansas|District 4|666226|72.1|24.5|0.5|0.4|0.0|1.1|1.3|2.7|71.0|24.4|2.3|29675|34.2|18.5|42.3|33.4|47.3|0.0|0.1|15.7|41.1|13.3|25.1|22.7|23.5||||53.1|21.5|0.2|0.3||
AZ01|AZ|1|Arizona|District 1|641329|65.8|1.3|22.6|0.5|0.1|2.2|7.5|16.4|58.4|1.2|17.7|32979|30.2|20.3|47.8|18.2|48.0|0.3|0.3|13.7|36.5|17.5|28.5|25.0|11.9||||53.9|22.3|0.3|0.4||
AZ02|AZ|2|Arizona|District 2|641329|85.5|2.2|2.2|1.7|0.1|2.3|6.0|14.2|78.4|2.1|9.0|42432|32.6|8.9|55.7|62.0|31.7|0.1|0.1|20.5|40.8|19.3|30.0|30.4|11.1||||58.8|21.1|0.3|0.3||
AZ03|AZ|3|Arizona|District 3|641329|85.7|2.4|1.3|2.1|0.1|2.5|5.8|14.1|78.5|2.3|11.9|48108|40.2|8.7|56.7|66.9|31.0|0.0|0.0|10.3|52.3|30.3|37.4|30.8|8.3||||49.0|22.2|0.5|0.3||
AZ04|AZ|4|Arizona|District 4|641329|54.2|7.9|3.2|1.4|0.1|4.2|29.1|58.0|29.3|7.5|41.9|30624|22.8|25.6|56.2|56.1|40.9|0.0|0.0|6.8|37.9|10.2|18.3|25.5|18.3||||42.6|25.1|0.6|0.5||
AZ05|AZ|5|Arizona|District 5|641329|83.0|2.8|2.1|3.4|0.2|2.7|5.9|13.3|76.8|2.7|11.1|51780|38.9|8.4|60.3|77.7|21.1|0.0|0.0|10.3|54.1|39.6|42.4|30.8|7.9||||47.4|20.4|0.4|0.3||
AZ06|AZ|6|Arizona|District 6|641329|84.2|2.1|1.0|1.8|0.2|2.5|8.2|17.2|76.6|1.9|10.9|47976|36.9|7.7|61.9|73.8|23.7|0.0|0.1|14.4|45.1|23.6|33.8|29.5|11.4||||59.8|26.8|0.2|0.3||
AZ07|AZ|7|Arizona|District 7|641329|61.9|3.0|6.4|1.4|0.1|3.5|23.7|50.6|38.6|2.8|37.3|30828|27.8|21.8|52.1|41.6|46.0|0.0|0.1|11.4|37.2|13.3|25.1|26.3|13.5||||50.6|24.2|0.4|0.4||
AZ08|AZ|8|Arizona|District 8|641329|83.7|3.1|1.0|2.1|0.1|3.0|6.9|18.2|73.9|3.0|11.8|40656|35.5|10.5|55.3|34.3|59.2|0.0|0.1|16.7|44.2|30.6|38.8|28.0|7.7||||51.7|19.7|0.3|0.4||
CA01|CA|1|California|District 1|639087|78.7|1.4|2.9|3.9|0.2|4.2|8.6|17.9|71.2|1.3|14.4|38918|35.2|15.3|50.5|19.9|53.8|0.0|3.7|13.1|44.2|25.0|34.5|23.8|11.6||||48.5|21.4|0.3|0.5||
CA02|CA|2|California|District 2|639087|81.6|1.2|2.2|3.6|0.1|4.0|7.2|14.0|76.2|1.2|11.4|33559|33.3|17.0|49.4|22.7|46.8|0.0|4.4|14.4|39.8|17.4|29.6|25.4|13.4||||52.2|22.1|0.2|0.3||
CA03|CA|3|California|District 3|639088|79.2|4.5|1.0|6.0|0.3|4.7|4.4|10.7|74.4|4.3|10.2|51313|38.6|8.5|51.3|31.7|56.7|0.0|0.2|12.2|46.8|27.0|38.4|29.4|9.2||||54.7|24.9|0.3|0.4||
CA04|CA|4|California|District 4|639088|88.6|1.2|1.4|2.4|0.2|3.2|3.1|8.9|83.8|1.2|5.7|49387|37.3|8.7|49.5|19.7|41.3|0.0|3.1|13.8|44.9|25.2|36.5|26.5|9.0||||58.0|24.7|0.2|0.3||
CA05|CA|5|California|District 5|639088|50.9|14.8|1.3|15.1|0.9|6.7|10.3|20.8|43.4|14.4|25.1|36719|29.0|19.7|53.1|37.3|60.4|0.0|0.1|10.8|41.6|21.4|33.1|29.8|11.5||||39.3|19.1|0.5|0.4||
CA06|CA|6|California|District 6|639087|82.4|2.1|0.9|3.8|0.2|3.9|6.7|14.5|76.1|2.0|14.0|59115|38.7|7.7|47.0|19.3|71.0|0.0|0.2|12.8|50.9|37.9|41.9|26.0|8.7||||48.9|22.0|0.5|0.7||
CA07|CA|7|California|District 7|639088|51.8|17.1|0.8|13.5|0.6|5.9|10.2|21.4|43.2|16.8|22.0|52778|33.7|10.0|47.4|22.3|75.1|0.0|0.1|9.8|45.2|22.4|31.8|28.3|12.0||||50.1|25.1|0.4|0.5||
CA08|CA|8|California|District 8|639088|49.4|8.8|0.5|28.9|0.6|4.4|7.4|15.7|42.9|8.6|37.3|52322|33.2|12.2|47.4|29.1|64.6|0.0|0.4|13.2|55.5|44.0|47.4|25.5|7.7||||29.0|11.0|2.1|0.7||
CA09|CA|9|California|District 9|639088|42.2|26.4|0.6|15.5|0.5|5.2|9.5|18.7|35.2|26.0|26.9|44314|31.2|16.9|49.4|21.8|74.7|0.0|0.1|10.8|46.7|37.4|44.4|24.7|10.4||||36.2|17.2|0.7|0.9||
CA10|CA|10|California|District 10|639088|72.2|5.8|0.6|9.3|0.4|5.4|6.3|15.0|65.4|5.7|15.2|65245|38.9|6.3|47.9|23.3|73.5|0.0|0.1|11.8|47.5|36.2|41.7|27.3|8.7||||57.1|28.0|0.4|0.4||
CA11|CA|11|California|District 11|639088|72.2|3.5|0.8|8.9|0.3|5.0|9.3|19.7|64.1|3.4|16.3|61996|39.0|8.8|49.8|25.0|69.2|0.0|0.1|9.7|45.8|29.1|39.7|27.9|10.7||||60.3|30.7|0.3|0.3||
CA12|CA|12|California|District 12|639088|55.5|2.6|0.4|28.7|0.9|5.1|6.7|15.7|48.2|2.5|32.9|70307|37.6|5.4|41.7|23.3|74.3|0.0|0.1|13.9|52.1|40.7|44.2|28.6|8.0||||51.7|23.0|0.7|0.5||
CA13|CA|13|California|District 13|639088|47.5|6.5|0.7|28.4|0.9|6.4|9.6|21.1|38.4|6.3|35.2|62415|36.0|7.1|48.2|25.0|72.7|0.0|0.1|10.5|48.2|31.8|39.2|27.6|14.3||||55.4|28.4|0.4|0.4||
CA14|CA|14|California|District 14|639088|67.4|3.1|0.5|16.1|0.7|3.8|8.3|17.5|59.6|3.0|27.5|77985|39.6|6.4|47.7|24.3|68.1|0.0|0.3|11.5|51.8|52.2|57.2|19.8|6.5||||52.6|24.4|0.4|0.4||
CA15|CA|15|California|District 15|639088|54.7|2.5|0.6|29.4|0.3|4.6|7.8|17.2|47.1|2.4|34.3|74947|36.7|6.6|49.9|28.4|68.9|0.0|0.1|9.4|51.7|41.6|50.0|23.6|10.7||||54.5|27.8|0.3|0.4||
CA16|CA|16|California|District 16|639088|45.8|3.6|0.9|23.6|0.4|5.2|20.5|37.6|31.9|3.4|41.4|67689|32.7|9.8|47.3|26.5|69.9|0.0|0.1|8.0|47.2|26.9|36.3|24.6|15.8||||56.8|30.7|0.5|0.4||
CA17|CA|17|California|District 17|639088|60.9|2.8|1.1|5.1|0.3|4.9|25.0|42.9|46.3|2.6|32.6|49234|35.2|13.3|51.3|21.2|70.0|0.0|0.1|9.9|43.7|24.9|31.9|23.5|10.8||||53.0|27.8|0.4|0.5||
CA18|CA|18|California|District 18|639088|53.3|5.9|1.4|9.2|0.3|6.1|23.8|41.9|39.1|5.6|33.9|34211|28.8|22.7|49.5|28.1|64.2|0.0|0.1|9.5|34.8|9.7|21.9|24.0|19.5||||53.4|30.1|0.3|0.3||
CA19|CA|19|California|District 19|639088|70.7|3.6|1.5|4.5|0.2|4.7|14.8|28.2|59.9|3.4|20.0|41225|34.1|14.8|48.4|29.8|48.5|0.0|0.3|11.8|41.0|20.3|32.3|26.9|12.8||||55.8|26.4|0.4|0.3||
CA20|CA|20|California|District 20|639088|40.0|7.6|1.8|5.8|0.1|4.6|40.1|63.1|21.4|7.2|45.4|26800|24.8|32.2|52.3|24.0|68.6|0.0|0.0|7.4|28.3|6.3|17.7|20.1|18.1||||52.9|33.0|0.4|0.4||
CA21|CA|21|California|District 21|639088|60.7|2.3|1.6|5.0|0.1|4.6|25.6|43.4|46.4|2.1|28.8|36047|32.7|20.7|47.8|22.5|62.7|0.0|0.1|10.3|38.4|15.0|28.1|24.7|13.2||||57.2|30.5|0.3|0.4||
CA22|CA|22|California|District 22|639088|75.3|5.8|1.3|3.0|0.2|4.0|10.5|21.0|66.8|5.6|11.8|41801|34.3|13.7|52.4|16.8|70.3|0.0|0.1|11.0|39.7|18.3|32.0|25.8|11.7||||54.7|26.4|0.3|0.3||
CA23|CA|23|California|District 23|639088|65.3|2.2|1.2|5.0|0.2|4.3|21.8|41.7|48.7|1.9|29.5|44874|32.0|15.7|52.6|15.7|80.1|0.0|0.0|11.7|45.3|26.2|31.9|25.4|12.0||||49.1|23.8|0.4|0.4||
CA24|CA|24|California|District 24|639088|79.1|1.8|0.9|4.5|0.2|3.7|9.9|22.3|68.6|1.6|16.0|61453|38.3|7.2|47.8|12.0|84.4|0.0|0.0|11.1|46.7|30.0|40.1|27.6|9.2||||60.9|30.6|0.3|0.4||
CA25|CA|25|California|District 25|639087|68.7|8.2|1.3|3.9|0.2|4.7|13.1|27.1|57.2|7.9|17.8|49002|35.3|12.6|51.6|10.6|78.2|0.0|0.2|8.2|40.6|18.8|33.3|27.0|12.2||||58.1|33.0|0.3|0.2||
CA26|CA|26|California|District 26|639088|64.2|4.6|0.6|15.3|0.2|4.4|10.7|24.4|52.7|4.4|25.6|58968|36.2|8.4|45.0|14.2|83.4|0.0|0.0|11.0|46.5|32.4|42.0|28.7|10.0||||58.5|29.7|0.3|0.3||
CA27|CA|27|California|District 27|639088|60.7|4.7|0.7|10.6|0.2|5.4|17.7|36.5|44.9|4.5|42.0|46781|32.3|13.4|49.8|19.4|77.7|0.0|0.0|10.6|45.9|25.8|35.8|30.4|11.7||||49.2|25.5|0.4|0.5||
CA28|CA|28|California|District 28|639087|53.3|4.4|0.8|6.0|0.1|5.4|29.9|55.6|31.4|4.1|54.8|40439|28.3|19.1|51.5|22.3|73.0|0.0|0.0|8.6|41.8|23.7|32.3|25.7|16.5||||46.1|26.8|0.7|0.4||
CA29|CA|29|California|District 29|639088|51.2|6.1|0.5|23.9|0.1|6.5|11.7|26.1|39.1|5.9|50.8|43895|31.6|14.5|47.9|19.2|77.7|0.0|0.0|13.2|45.0|33.4|42.1|28.1|10.2||||48.5|23.7|0.4|0.3||
CA30|CA|30|California|District 30|639088|81.0|2.7|0.3|8.9|0.1|3.9|3.1|8.3|76.4|2.6|23.6|60713|38.9|9.0|49.4|23.8|72.9|0.0|0.1|14.6|53.4|53.5|58.2|26.2|3.8||||39.2|16.1|0.8|0.4||
CA31|CA|31|California|District 31|639088|34.2|4.7|1.1|14.0|0.1|5.8|40.2|70.2|9.8|4.2|71.3|26093|19.9|30.1|50.7|20.3|69.1|0.0|0.0|7.4|36.5|13.7|20.1|24.0|24.1||||43.7|27.4|0.6|0.4||
CA32|CA|32|California|District 32|639087|41.2|2.8|1.2|18.7|0.1|4.5|31.5|62.3|14.8|2.6|55.6|41394|24.5|18.0|44.2|15.6|78.5|0.0|0.0|9.0|38.3|13.6|23.2|28.1|23.1||||56.4|33.1|0.4|0.3||
CA33|CA|33|California|District 33|639088|31.5|30.5|0.7|12.2|0.1|5.1|19.9|34.6|19.9|29.9|43.2|31655|23.9|23.5|49.7|18.8|75.6|0.0|0.0|10.4|41.7|26.9|35.3|28.5|11.4||||33.3|17.1|0.7|0.4||
CA34|CA|34|California|District 34|639088|41.6|4.8|1.1|5.6|0.2|4.8|42.0|77.2|11.4|4.4|67.7|29863|20.7|26.0|51.2|20.1|69.1|0.0|0.1|7.6|33.6|8.7|17.6|26.1|30.2||||49.5|32.3|0.4|0.3||
CA35|CA|35|California|District 35|639088|26.0|34.7|0.7|5.7|0.4|4.5|28.0|47.4|10.4|34.1|42.4|32156|20.9|26.4|47.5|13.9|79.7|0.0|0.0|7.7|35.5|13.3|24.1|28.9|20.1||||41.1|24.6|0.3|0.4||
CA36|CA|36|California|District 36|639087|61.3|4.2|0.7|13.6|0.5|5.0|14.8|30.3|48.4|4.1|31.8|51633|35.4|12.7|49.8|20.6|76.0|0.0|0.0|10.3|49.9|36.9|44.3|26.8|9.8||||43.1|20.5|0.3|0.4||
CA37|CA|37|California|District 37|639088|30.2|25.2|0.8|11.2|1.4|5.0|26.1|43.2|16.6|24.8|41.1|34006|22.0|25.2|49.8|17.8|76.5|0.0|0.0|8.0|36.2|15.2|25.9|27.7|20.4||||41.7|25.0|0.7|0.6||
CA38|CA|38|California|District 38|639088|43.6|3.9|1.2|10.4|0.2|4.9|35.8|70.6|13.6|3.6|55.4|42488|23.4|16.3|41.6|14.5|79.6|0.0|0.0|9.2|37.0|12.5|22.5|28.3|24.5||||58.1|33.7|0.3|0.4||
CA39|CA|39|California|District 39|639088|45.0|6.4|1.0|9.7|0.4|4.7|33.0|61.2|21.0|6.1|50.1|45307|26.3|15.7|43.6|12.9|81.1|0.0|0.0|8.1|38.4|14.7|25.4|29.6|22.0||||58.6|35.2|0.3|0.3||
CA40|CA|40|California|District 40|639088|62.9|2.4|0.7|15.8|0.4|4.3|13.5|29.6|49.3|2.2|32.2|54356|33.5|10.2|49.5|17.8|79.8|0.0|0.0|10.5|46.4|26.4|34.9|29.6|13.8||||56.9|28.8|0.3|0.3||
CA41|CA|41|California|District 41|639087|73.7|5.5|1.5|3.7|0.2|4.5|10.8|23.4|63.5|5.3|14.1|38721|30.9|15.2|52.1|12.3|78.5|0.0|0.1|13.5|38.7|18.1|31.4|25.9|12.9||||53.0|24.2|0.3|0.4||
CA42|CA|42|California|District 42|639088|66.1|3.0|0.5|16.0|0.2|4.1|10.2|23.8|54.4|2.9|24.8|70463|39.9|6.0|47.2|13.9|84.1|0.0|0.0|8.2|48.1|34.8|43.5|30.5|9.1||||65.2|35.3|0.2|0.2||
CA43|CA|43|California|District 43|639087|43.9|12.8|1.3|3.2|0.4|5.3|33.1|58.3|23.4|12.4|39.4|37390|25.2|20.7|53.2|16.2|80.1|0.0|0.0|6.2|35.2|8.8|19.2|27.1|24.0||||54.4|35.0|0.4|0.4||
CA44|CA|44|California|District 44|639088|65.1|5.7|1.0|4.9|0.3|4.6|18.3|35.0|51.3|5.5|24.3|51578|34.1|12.1|53.4|14.9|81.8|0.0|0.0|8.3|43.0|21.1|31.9|27.4|15.1||||57.8|31.9|0.3|0.3||
CA45|CA|45|California|District 45|639088|65.6|6.6|1.0|3.0|0.2|3.9|19.7|38.0|50.1|6.3|26.8|40468|29.2|15.0|53.2|20.5|71.5|0.0|0.1|15.6|37.4|17.4|26.5|26.8|11.5||||54.7|25.5|0.9|0.3||
CA46|CA|46|California|District 46|639088|70.8|1.5|0.6|15.5|0.3|3.9|7.4|16.9|62.8|1.4|24.3|61567|36.0|7.8|47.9|19.6|78.1|0.0|0.0|12.8|50.7|36.4|44.1|28.6|9.0||||51.2|22.2|0.5|0.3||
CA47|CA|47|California|District 47|639087|43.3|1.8|1.1|14.0|0.4|4.7|34.7|65.3|17.3|1.5|64.0|41618|24.5|19.1|53.6|20.0|72.5|0.0|0.0|6.4|38.4|10.0|17.2|23.8|26.4||||59.3|39.4|0.5|0.3||
CA48|CA|48|California|District 48|639087|75.3|1.5|0.4|12.8|0.2|3.8|6.1|14.7|68.0|1.4|21.4|69663|40.3|6.3|55.7|25.9|72.5|0.0|0.0|11.7|51.3|46.5|50.1|29.7|5.9||||52.4|24.9|0.5|0.3||
CA49|CA|49|California|District 49|639087|70.0|5.3|1.4|3.6|0.6|4.4|14.8|29.5|57.9|5.0|20.8|46445|34.1|11.9|56.3|22.6|66.0|0.0|0.2|12.7|38.8|20.7|30.9|27.2|13.5||||60.1|30.3|0.3|0.3||
CA50|CA|50|California|District 50|639087|74.2|1.9|0.6|10.4|0.3|4.0|8.6|18.8|65.8|1.8|20.4|59813|38.6|8.1|53.5|26.1|70.0|0.0|0.1|12.3|47.7|40.0|45.2|25.6|8.6||||56.2|26.9|0.3|0.3||
CA51|CA|51|California|District 51|639087|43.5|9.8|1.0|12.7|0.6|5.2|27.2|53.3|21.3|9.4|47.2|39243|27.2|16.3|48.4|31.4|62.6|0.0|0.1|9.9|35.8|15.2|26.4|28.4|13.4||||56.6|31.6|0.4|0.3||
CA52|CA|52|California|District 52|639087|79.7|3.8|0.9|5.5|0.4|4.5|5.3|13.7|72.9|3.7|12.3|52940|39.1|8.1|51.4|29.9|61.5|0.0|0.2|11.1|47.2|28.6|38.8|28.9|8.5||||56.1|27.2|0.3|0.4||
CA53|CA|53|California|District 53|639087|63.1|7.5|0.8|8.5|0.4|5.0|14.7|29.4|51.0|7.2|29.6|36637|31.6|20.2|63.5|35.9|59.7|0.0|0.1|9.9|45.9|32.2|38.6|26.0|8.9||||33.3|15.3|1.0|0.5||
CO01|CO|1|Colorado|District 1|614465|67.1|10.4|1.3|2.8|0.1|3.7|14.6|30.0|54.3|10.1|20.2|39658|35.7|13.7|57.4|21.9|75.1|0.0|0.2|11.3|51.6|34.3|37.7|26.6|10.3||||35.0|15.1|0.8|0.5||
CO02|CO|2|Colorado|District 2|614465|86.3|1.0|0.8|3.2|0.1|2.5|6.1|14.7|78.9|1.0|9.7|55204|47.2|7.4|58.4|17.9|76.3|0.0|0.2|6.6|56.6|39.3|39.9|26.4|10.1||||51.7|25.5|0.3|0.5||
CO03|CO|3|Colorado|District 3|614467|86.3|0.8|1.9|0.5|0.1|2.5|7.9|21.5|74.6|0.7|8.4|35970|38.8|12.8|51.6|12.5|63.9|0.8|0.3|13.4|46.9|23.8|30.2|25.9|11.1||||53.1|22.4|0.2|0.3||
CO04|CO|4|Colorado|District 4|614466|87.0|0.8|0.8|1.1|0.1|2.3|8.0|17.0|79.4|0.7|9.2|43389|44.0|10.9|56.0|14.1|74.5|0.0|0.2|10.4|50.4|28.7|35.2|24.6|13.3||||55.5|26.2|0.2|0.3||
CO05|CO|5|Colorado|District 5|614467|82.6|6.0|1.0|2.2|0.2|3.6|4.4|11.1|77.4|5.7|5.6|45454|43.2|8.3|59.2|14.7|75.1|0.0|0.1|9.2|46.7|29.8|36.2|27.1|10.6||||56.0|26.8|0.2|0.3||
CO06|CO|6|Colorado|District 6|614466|91.1|1.9|0.5|2.7|0.1|2.0|1.7|5.8|87.7|1.9|4.5|73393|50.7|2.7|54.1|12.1|80.7|0.0|0.1|6.5|54.9|46.8|48.0|29.4|6.1||||66.9|35.5|0.2|0.3||
CO07|CO|7|Colorado|District 7|614465|79.0|6.0|1.0|2.9|0.1|3.3|7.7|19.6|68.9|5.8|13.3|46149|39.1|8.9|54.2|18.6|78.9|0.0|0.0|10.2|51.7|26.0|32.6|30.0|12.1||||47.7|21.5|0.4|0.4||
CT01|CT|1|Connecticut|District 1|681113|75.2|13.1|0.2|2.5|0.0|2.4|6.6|11.4|71.6|12.6|15.7|50227|37.2|9.6|41.8|12.9|40.9|0.1|42.8|14.8|48.4|28.2|38.0|27.9|12.5||||48.1|20.8|0.3|0.4||
CT02|CT|2|Connecticut|District 2|681113|90.5|3.5|0.5|1.7|0.0|1.9|1.8|4.3|88.6|3.3|5.3|54498|43.6|5.8|41.5|15.2|10.3|0.2|67.9|12.3|50.4|28.8|37.4|25.5|12.0||||55.9|25.3|0.2|0.3||
CT03|CT|3|Connecticut|District 3|681113|79.8|11.9|0.2|2.5|0.0|2.0|3.4|8.0|76.1|11.5|11.8|49752|37.1|8.8|40.8|12.8|35.9|0.1|48.6|14.7|49.0|28.0|37.5|27.2|12.9||||48.1|21.0|0.3|0.4||
CT04|CT|4|Connecticut|District 4|681113|77.6|11.4|0.2|3.3|0.0|2.5|5.0|12.8|70.9|10.9|18.8|66598|36.5|7.4|42.9|13.2|33.7|0.0|50.2|13.3|47.4|42.2|45.3|26.6|8.6||||54.9|26.7|0.3|0.3||
CT05|CT|5|Connecticut|District 5|681113|85.1|5.6|0.2|2.1|0.0|2.2|4.8|10.5|80.2|5.2|14.7|53118|40.1|7.7|42.1|18.9|23.5|0.1|53.2|13.8|49.3|29.9|37.7|25.2|13.7||||53.2|24.5|0.3|0.3||
DC01|DC|1|District of Columbia|District 1|572059|30.8|60.0|0.3|2.7|0.1|2.4|3.8|7.9|27.8|59.4|12.7|40127|25.4|20.2|50.1|24.2|65.4|0.0|6.9|12.3|46.0|39.1|51.1|22.8|5.2||||22.8|8.4|1.0|0.4||
DE01|DE|1|Delaware|District 1|783600|74.6|19.2|0.3|2.1|0.0|1.7|2.0|4.8|72.5|18.9|6.2|47381|36.9|9.2|44.0|25.6|36.8|0.1|25.9|13.0|48.1|25.0|35.3|27.6|12.5||||51.3|21.9|0.4|0.3||
FL01|FL|1|Florida|District 1|639295|79.7|14.1|0.9|1.9|0.1|2.3|0.9|3.0|78.0|14.0|2.9|36738|34.7|13.1|51.4|66.0|26.4|0.0|0.2|12.7|41.2|20.2|29.8|27.3|11.6||||53.0|22.0|0.2|0.3||
FL02|FL|2|Florida|District 2|639295|73.4|22.3|0.5|1.3|0.0|1.5|0.9|3.3|71.5|22.1|3.3|34718|35.9|16.5|49.9|69.5|14.0|0.0|1.5|12.0|44.6|24.1|34.8|26.9|9.5||||47.8|19.6|0.3|0.3||
FL03|FL|3|Florida|District 3|639295|42.4|49.9|0.3|1.7|0.1|2.7|2.9|8.0|38.4|49.3|9.8|29785|26.6|21.5|50.8|77.8|8.7|0.0|4.9|10.8|41.8|12.9|22.6|29.2|15.8||||37.6|16.4|0.4|0.3||
FL04|FL|4|Florida|District 4|639295|80.4|13.7|0.4|2.5|0.1|1.8|1.2|4.2|77.8|13.5|5.4|43947|40.4|9.1|50.8|83.7|4.1|0.0|2.5|10.9|48.0|24.4|34.5|30.3|10.6||||52.9|23.8|0.3|0.3||
FL05|FL|5|Florida|District 5|639295|91.4|4.7|0.4|0.8|0.0|1.3|1.5|5.6|87.7|4.5|5.0|34815|27.9|10.6|49.0|86.0|4.2|0.0|0.8|25.7|37.3|14.3|26.8|28.3|12.8||||60.3|17.4|0.3|0.3||
FL06|FL|6|Florida|District 6|639295|82.1|12.0|0.4|2.3|0.0|1.8|1.4|5.2|78.9|11.9|5.3|36846|34.6|13.4|52.0|78.3|10.3|0.0|1.9|15.4|43.7|21.4|33.1|28.3|11.2||||53.8|20.8|0.3|0.3||
FL07|FL|7|Florida|District 7|639295|85.8|9.0|0.3|1.4|0.0|1.5|1.9|6.9|81.3|8.8|7.3|40525|33.5|10.1|50.4|86.6|5.3|0.0|2.8|18.2|45.7|24.5|33.4|29.8|10.3||||53.0|19.6|0.3|0.3||
FL08|FL|8|Florida|District 8|639295|80.6|7.7|0.4|3.0|0.1|2.8|5.4|17.6|69.9|7.2|17.6|41568|36.8|9.4|55.4|86.9|7.4|0.0|1.9|13.9|49.4|25.9|34.1|29.5|10.3||||50.0|21.0|0.5|0.3||
FL09|FL|9|Florida|District 9|639296|90.5|3.7|0.3|1.8|0.0|1.6|2.1|7.9|85.2|3.5|9.5|40742|34.7|8.6|51.1|93.2|3.5|0.0|0.5|20.5|44.9|24.6|36.7|31.2|9.3||||54.1|20.2|0.3|0.3||
FL10|FL|10|Florida|District 10|639295|90.9|3.7|0.3|2.3|0.1|1.6|1.1|4.4|88.0|3.6|8.0|37168|33.7|8.9|48.7|88.8|6.1|0.0|2.4|23.5|47.1|22.6|33.9|31.0|11.5||||44.7|14.0|0.4|0.5||
FL11|FL|11|Florida|District 11|639295|61.7|28.1|0.4|2.1|0.1|2.9|4.7|20.0|48.3|27.4|17.7|33559|31.0|17.5|54.3|90.4|5.1|0.0|1.6|12.0|45.9|21.2|30.0|31.4|12.3||||37.7|16.0|0.5|0.5||
FL12|FL|12|Florida|District 12|639296|78.7|13.3|0.4|1.1|0.1|1.9|4.6|12.0|72.1|13.0|10.2|37769|33.1|12.4|50.2|89.2|4.2|0.0|1.0|17.1|43.2|16.6|27.3|28.6|14.9||||54.3|20.9|0.3|0.3||
FL13|FL|13|Florida|District 13|639295|90.5|4.5|0.3|0.8|0.0|1.2|2.6|7.7|86.0|4.4|8.6|40187|30.0|9.4|49.9|91.7|3.1|0.0|0.9|28.6|41.5|23.7|30.2|28.4|10.4||||53.6|14.2|0.4|0.2||
FL14|FL|14|Florida|District 14|639295|89.6|5.3|0.2|0.8|0.0|1.5|2.6|9.0|83.8|5.1|9.8|42541|29.8|8.8|53.5|95.1|1.7|0.0|0.3|27.3|41.8|24.4|29.6|30.1|8.5||||56.5|14.5|0.3|0.2||
FL15|FL|15|Florida|District 15|639295|84.8|7.7|0.4|1.6|0.1|2.1|3.4|11.3|77.8|7.3|11.0|39397|31.5|9.8|51.6|86.5|8.8|0.0|0.8|20.2|43.7|22.3|30.7|27.7|10.6||||53.6|18.7|0.2|0.3||
FL16|FL|16|Florida|District 16|639295|87.9|6.0|0.4|1.0|0.0|1.5|3.3|10.1|81.8|5.8|9.4|39408|30.2|10.0|48.8|93.5|1.7|0.0|0.3|25.5|40.3|20.0|29.5|28.0|10.0||||58.3|18.2|0.3|0.2||
FL17|FL|17|Florida|District 17|639296|32.9|56.9|0.3|1.6|0.1|4.7|3.6|21.2|18.4|55.2|33.8|30426|23.3|23.3|46.4|87.4|4.7|0.0|0.3|10.8|38.1|13.5|23.3|29.2|13.7||||39.0|19.5|0.5|0.4||
FL18|FL|18|Florida|District 18|639295|83.9|7.2|0.2|1.0|0.0|3.2|4.4|62.7|29.7|5.7|62.8|32298|27.7|19.3|51.3|83.9|4.2|0.0|0.2|17.9|42.2|25.6|32.3|27.9|10.3||||42.2|16.2|0.6|0.3||
FL19|FL|19|Florida|District 19|639295|86.6|6.3|0.2|2.0|0.1|2.1|2.8|12.7|77.5|6.1|17.1|42237|29.2|7.7|51.0|95.4|2.0|0.0|0.4|29.7|40.8|25.7|34.3|32.8|7.8||||52.1|16.4|0.3|0.3||
FL20|FL|20|Florida|District 20|639295|83.5|8.3|0.3|2.3|0.1|2.7|2.8|20.6|66.9|7.9|26.6|44034|35.7|9.6|52.8|92.0|3.5|0.0|0.2|17.3|48.5|29.6|38.2|31.1|7.9||||45.5|19.1|0.8|0.4||
FL21|FL|21|Florida|District 21|639295|82.1|7.6|0.2|1.8|0.0|3.5|4.8|69.7|21.0|6.5|68.9|41426|31.7|13.0|52.3|91.7|3.7|0.0|0.1|12.8|43.2|22.9|31.2|32.3|13.4||||56.8|27.8|0.4|0.4||
FL22|FL|22|Florida|District 22|639295|90.3|4.0|0.2|1.7|0.0|1.8|2.0|10.7|82.3|3.8|15.0|51200|35.9|7.1|49.7|93.5|2.5|0.0|0.3|20.8|48.4|34.1|39.6|29.7|7.1||||49.0|17.3|0.6|0.3||
FL23|FL|23|Florida|District 23|639295|37.5|52.0|0.3|1.3|0.1|4.9|4.0|13.7|29.4|51.2|23.6|31309|25.8|21.9|52.0|90.4|4.1|0.0|0.3|12.2|41.3|12.8|21.6|26.4|13.5||||38.2|17.7|0.5|0.4||
FL24|FL|24|Florida|District 24|639295|86.2|6.5|0.3|2.1|0.1|2.0|2.8|9.8|80.0|6.3|9.4|43954|36.8|8.7|52.8|87.3|7.8|0.0|1.5|14.7|48.4|25.5|35.5|29.8|9.4||||54.7|22.3|0.3|0.3||
FL25|FL|25|Florida|District 25|639295|76.3|10.8|0.2|1.6|0.0|3.9|7.0|62.4|24.3|10.0|62.1|44489|34.6|13.7|52.2|91.4|3.4|0.0|0.1|8.5|43.2|20.3|29.5|32.2|10.1||||59.8|33.1|0.3|0.4||
GA01|GA|1|Georgia|District 1|629761|72.6|22.7|0.3|0.9|0.1|1.3|2.0|4.1|71.0|22.5|3.5|36158|38.1|14.8|49.5|66.0|19.2|0.0|0.5|10.6|41.3|17.9|28.4|24.9|17.8||||56.8|27.0|0.3|0.2||
GA02|GA|2|Georgia|District 2|629735|51.5|44.8|0.3|0.6|0.1|1.0|1.8|3.5|50.3|44.5|2.9|29354|31.7|22.5|45.9|57.4|25.7|0.0|0.7|12.0|39.8|13.9|25.9|24.3|20.4||||45.8|20.2|0.3|0.3||
GA03|GA|3|Georgia|District 3|629748|57.1|40.0|0.2|0.6|0.0|0.8|1.3|2.6|56.2|39.8|2.3|31433|31.5|19.9|41.6|45.7|32.2|0.0|0.5|12.2|40.1|12.8|25.2|23.7|19.6||||47.4|20.4|0.3|0.3||
GA04|GA|4|Georgia|District 4|629690|35.8|53.5|0.2|4.3|0.1|2.2|3.9|8.5|32.0|53.1|14.2|49307|34.8|10.5|57.0|30.0|68.3|0.0|0.1|7.8|52.3|35.9|38.8|28.5|11.1||||41.1|19.4|0.7|0.6||
GA05|GA|5|Georgia|District 5|629727|37.0|56.1|0.2|2.2|0.0|1.5|2.9|6.1|34.4|55.7|9.1|39725|28.0|19.7|58.7|31.6|66.5|0.0|0.2|8.9|48.8|37.3|41.2|26.9|10.4||||26.8|10.6|1.0|0.4||
GA06|GA|6|Georgia|District 6|629725|85.6|7.0|0.2|4.0|0.0|1.5|1.7|4.5|83.0|6.9|8.2|75611|46.3|3.7|53.8|18.3|79.8|0.0|0.2|6.9|53.7|50.7|50.1|29.6|5.3||||64.4|34.3|0.3|0.3||
GA07|GA|7|Georgia|District 7|629706|85.2|7.1|0.3|3.8|0.0|1.4|2.2|5.4|82.4|6.9|8.2|63455|46.8|4.5|54.0|19.2|72.9|0.0|0.3|6.0|52.4|31.9|39.5|29.6|10.1||||68.8|37.8|0.3|0.3||
GA08|GA|8|Georgia|District 8|629700|84.0|12.6|0.3|1.3|0.0|1.0|0.7|2.1|82.8|12.5|2.6|52406|42.3|6.3|48.5|31.3|51.8|0.0|0.5|9.4|49.3|23.4|33.1|27.6|15.1||||64.6|31.0|0.2|0.3||
GA09|GA|9|Georgia|District 9|629762|82.5|13.7|0.3|1.2|0.1|1.1|1.0|2.6|81.2|13.6|2.8|39987|39.0|11.2|45.0|42.5|28.3|0.0|1.5|12.3|46.6|18.5|28.6|24.9|19.3||||59.6|26.2|0.3|0.3||
GA10|GA|10|Georgia|District 10|629702|89.7|3.4|0.3|0.7|0.1|1.2|4.5|9.4|85.4|3.3|8.4|42037|40.4|10.3|47.8|46.8|29.1|0.0|2.4|10.5|48.6|15.9|25.9|25.5|24.2||||62.1|28.6|0.3|0.3||
GA11|GA|11|Georgia|District 11|629730|64.8|28.5|0.3|1.3|0.1|1.6|3.6|7.2|61.7|28.2|7.7|37582|34.4|13.8|50.1|27.3|57.3|0.0|0.3|11.0|46.3|16.9|26.1|26.2|20.3||||49.1|22.2|0.2|0.3||
GA12|GA|12|Georgia|District 12|629735|53.1|42.6|0.2|1.4|0.1|1.3|1.2|2.9|51.9|42.3|3.5|31108|32.0|21.7|50.6|48.0|42.3|0.0|0.6|10.7|42.2|19.3|28.6|24.9|17.5||||41.5|18.5|0.3|0.3||
GA13|GA|13|Georgia|District 13|629732|47.0|41.1|0.3|5.1|0.1|2.1|4.3|10.2|42.1|40.7|14.0|43429|34.3|11.2|58.1|33.4|61.9|0.0|0.3|6.9|48.5|19.4|26.6|29.3|16.7||||46.8|24.0|0.3|0.3||
HI01|HI|1|Hawaii|District 1|606718|18.8|2.0|0.2|54.3|6.8|16.9|1.0|5.4|17.7|1.9|19.8|50798|33.3|9.7|43.4|52.2|4.4|0.0|0.1|15.2|45.2|28.9|34.0|29.8|8.5||||51.5|22.0|0.3|0.3||
HI02|HI|2|Hawaii|District 2|604819|29.8|1.6|0.4|28.8|11.9|26.0|1.5|9.0|28.0|1.5|9.6|48686|35.0|11.7|43.1|42.9|1.8|0.0|0.2|11.4|43.6|23.1|30.4|26.3|9.3||||55.8|26.2|0.4|0.4||
IA01|IA|1|Iowa|District 1|585302|93.1|3.8|0.2|0.9|0.0|1.2|0.8|2.0|92.1|3.8|2.4|38727|42.5|10.1|41.7|10.5|71.1|0.0|3.0|14.5|49.9|20.0|29.7|25.9|19.6||||54.9|23.8|0.1|0.2||
IA02|IA|2|Iowa|District 2|585241|93.7|2.0|0.2|1.5|0.0|1.2|1.2|2.7|92.4|2.0|3.7|40121|44.7|9.9|46.2|13.3|70.1|0.0|1.0|13.3|52.1|25.0|32.8|25.7|17.9||||52.8|22.9|0.2|0.2||
IA03|IA|3|Iowa|District 3|585305|91.6|3.2|0.4|1.9|0.0|1.3|1.6|3.2|90.1|3.2|4.5|43176|46.4|8.0|46.3|14.9|71.2|0.0|1.6|13.3|52.1|24.6|33.4|28.6|15.3||||54.1|24.3|0.3|0.2||
IA04|IA|4|Iowa|District 4|585305|95.8|0.8|0.2|1.1|0.0|0.8|1.3|2.5|94.7|0.8|3.0|38242|46.1|8.9|41.8|11.0|62.5|0.0|2.7|16.4|50.7|20.4|32.0|24.2|18.0||||56.6|24.2|0.2|0.2||
IA05|IA|5|Iowa|District 5|585171|95.5|0.7|0.5|0.9|0.0|0.9|1.6|3.6|93.7|0.6|3.2|36773|44.0|8.9|39.5|14.2|61.5|0.0|3.0|17.1|49.8|16.1|28.3|25.0|19.7||||57.2|24.3|0.1|0.1||
ID01|ID|1|Idaho|District 1|648774|91.6|0.3|1.4|0.9|0.1|2.0|3.7|6.8|89.0|0.3|4.9|38364|40.8|11.0|51.6|30.7|46.4|0.1|5.7|11.6|46.0|20.3|30.5|25.6|14.7||||60.5|28.0|0.2|0.2||
ID02|ID|2|Idaho|District 2|645179|90.4|0.5|1.4|0.9|0.1|2.0|4.7|8.9|87.1|0.5|6.8|36934|41.3|12.6|49.2|38.3|44.4|0.5|5.0|11.0|46.7|23.1|32.3|25.0|13.7||||57.2|28.3|0.2|0.3||
IL01|IL|1|Illinois|District 1|653647|29.5|65.5|0.2|1.4|0.0|1.4|2.0|4.8|27.3|65.2|5.8|37222|21.8|19.7|38.0|7.9|87.0|0.0|0.7|12.7|38.5|18.7|30.3|31.0|14.0||||34.9|15.2|0.3|0.2||
IL02|IL|2|Illinois|District 2|653647|29.7|62.4|0.2|0.6|0.0|1.8|5.3|10.4|25.6|62.0|8.9|41330|24.8|15.2|37.1|8.0|88.9|0.0|0.3|11.6|40.6|18.1|29.6|30.5|16.3||||41.8|18.9|0.2|0.3||
IL03|IL|3|Illinois|District 3|653647|77.9|5.9|0.3|2.9|0.0|2.7|10.3|21.3|68.2|5.8|25.7|48048|30.7|8.3|37.6|6.9|91.1|0.0|0.2|14.5|45.3|20.5|28.6|29.5|17.6||||51.8|25.2|0.2|0.2||
IL04|IL|4|Illinois|District 4|653647|46.5|4.3|0.7|1.8|0.1|4.5|42.1|74.5|18.4|3.7|64.1|35935|23.3|20.2|47.4|4.6|92.1|0.0|0.3|6.2|38.6|13.6|19.7|23.7|29.5||||46.9|30.7|0.6|0.5||
IL05|IL|5|Illinois|District 5|653647|77.5|2.3|0.3|6.5|0.1|3.5|9.8|23.0|65.9|2.2|36.4|48531|35.2|8.5|49.4|7.4|88.1|0.0|0.6|11.8|53.5|33.9|38.2|26.7|14.1||||40.8|18.8|0.8|0.4||
IL06|IL|6|Illinois|District 6|653647|82.3|2.7|0.2|8.1|0.0|2.0|4.6|12.5|75.3|2.7|20.2|62640|41.4|4.3|42.4|11.8|86.6|0.0|0.2|10.3|52.6|34.6|38.2|31.3|12.9||||59.8|30.2|0.3|0.3||
IL07|IL|7|Illinois|District 7|653647|29.8|62.0|0.2|3.9|0.0|1.5|2.6|5.8|27.3|61.6|9.4|40361|25.6|24.0|45.1|20.8|73.2|0.0|0.8|9.6|40.8|32.1|42.2|28.4|11.9||||28.9|11.6|0.5|0.3||
IL08|IL|8|Illinois|District 8|653647|84.4|3.3|0.2|5.7|0.0|1.8|4.5|10.8|78.8|3.2|14.4|62762|44.0|4.4|46.2|10.4|88.0|0.0|0.2|8.1|52.5|32.1|37.8|29.5|12.9||||60.2|31.9|0.2|0.3||
IL09|IL|9|Illinois|District 9|653647|68.5|10.9|0.3|12.4|0.1|3.3|4.6|11.5|62.5|10.7|33.6|46531|35.0|11.0|47.6|14.7|80.4|0.0|0.8|15.5|49.2|39.6|42.6|27.2|10.9||||43.4|19.1|0.8|0.4||
IL10|IL|10|Illinois|District 10|653647|81.2|5.4|0.2|5.9|0.0|1.7|5.5|12.3|75.2|5.3|20.0|71663|41.5|4.8|43.2|11.6|86.9|0.0|0.2|12.3|48.0|47.5|47.3|28.6|9.4||||63.2|32.1|0.2|0.2||
IL11|IL|11|Illinois|District 11|653647|87.0|7.8|0.2|0.8|0.0|1.3|2.8|6.7|83.7|7.8|5.0|47800|39.1|8.4|43.3|10.3|82.1|0.0|0.7|11.9|48.3|18.5|28.4|26.9|17.8||||56.8|27.1|0.2|0.2||
IL12|IL|12|Illinois|District 12|653647|80.6|16.4|0.3|0.8|0.0|1.2|0.7|1.8|79.7|16.3|1.7|35198|34.4|15.0|42.2|26.3|62.8|0.0|1.0|14.5|43.6|16.8|28.4|26.7|16.7||||49.1|21.1|0.2|0.3||
IL13|IL|13|Illinois|District 13|653647|84.9|5.0|0.1|6.6|0.0|1.5|1.8|5.5|81.6|4.9|10.9|71686|44.4|2.9|45.0|8.0|90.6|0.0|0.1|8.8|51.5|42.4|45.6|29.2|8.8||||64.3|34.5|0.2|0.2||
IL14|IL|14|Illinois|District 14|653647|83.4|4.7|0.3|1.8|0.0|1.9|7.9|18.5|74.0|4.6|15.9|56314|41.4|7.0|46.2|9.3|85.4|0.0|0.7|9.0|49.4|26.3|32.5|27.4|17.6||||60.7|31.8|0.2|0.3||
IL15|IL|15|Illinois|District 15|653647|89.5|5.7|0.2|2.3|0.0|1.2|1.0|2.2|88.5|5.7|3.8|38583|41.9|11.7|45.4|17.0|69.1|0.0|1.1|14.0|48.9|23.2|33.0|24.7|17.7||||52.3|22.3|0.2|0.2||
IL16|IL|16|Illinois|District 16|653647|88.9|5.4|0.2|1.3|0.0|1.4|2.7|6.5|85.7|5.3|5.9|48960|42.2|7.3|43.3|9.6|80.8|0.0|1.5|12.0|49.3|21.1|31.0|26.2|20.2||||58.7|27.6|0.2|0.2||
IL17|IL|17|Illinois|District 17|653647|89.0|7.2|0.2|0.6|0.0|1.3|1.6|3.7|87.3|7.2|2.4|35066|36.9|12.5|41.4|12.8|75.0|0.0|0.7|16.2|46.2|14.7|26.4|25.3|20.2||||50.7|20.2|0.2|0.2||
IL18|IL|18|Illinois|District 18|653647|90.8|6.5|0.2|0.9|0.0|1.0|0.6|1.5|90.0|6.4|1.8|41934|39.7|8.9|41.2|16.5|71.3|0.0|0.6|15.1|48.2|20.7|32.6|26.4|15.9||||55.0|22.7|0.2|0.2||
IL19|IL|19|Illinois|District 19|653647|94.6|3.5|0.2|0.5|0.0|0.8|0.4|1.1|94.0|3.5|0.9|38955|40.3|9.1|38.9|17.9|59.0|0.0|1.0|15.3|47.3|17.1|30.5|24.9|18.0||||57.5|24.6|0.2|0.2||
IN01|IN|1|Indiana|District 1|675562|75.0|18.4|0.3|0.8|0.0|1.7|3.9|10.0|69.8|18.2|7.0|44087|32.1|10.5|39.4|7.9|86.3|0.0|0.8|12.6|45.5|17.1|26.8|26.3|19.2||||52.0|23.2|0.2|0.2||
IN02|IN|2|Indiana|District 2|675766|86.4|8.2|0.3|0.8|0.0|1.7|2.6|5.0|84.4|8.1|4.9|40381|39.0|9.5|43.6|9.8|80.1|0.0|1.6|13.3|47.7|17.2|26.6|24.2|25.2||||52.8|23.0|0.2|0.2||
IN03|IN|3|Indiana|District 3|675457|89.4|5.6|0.3|1.0|0.0|1.4|2.4|4.5|87.6|5.6|6.3|44013|42.1|7.8|45.6|15.8|69.1|0.5|2.1|11.4|50.5|18.4|27.3|24.4|26.6||||56.4|26.4|0.2|0.2||
IN04|IN|4|Indiana|District 4|675617|94.8|1.3|0.2|1.5|0.0|0.9|1.2|2.6|93.6|1.3|3.0|45947|44.2|8.0|48.7|24.9|57.9|0.0|3.2|11.0|50.7|22.1|31.1|25.4|19.2||||58.8|27.1|0.3|0.3||
IN05|IN|5|Indiana|District 5|675577|94.1|2.6|0.3|1.3|0.0|1.0|0.6|1.6|93.2|2.6|2.4|52800|45.8|5.2|46.8|27.9|61.1|0.0|2.6|11.3|51.5|30.6|37.0|26.1|16.5||||60.5|28.3|0.2|0.2||
IN06|IN|6|Indiana|District 6|675669|94.0|3.8|0.2|0.5|0.0|0.9|0.5|1.3|93.4|3.8|1.6|39002|39.5|9.7|41.0|22.3|57.6|0.1|5.3|14.1|47.5|14.7|25.7|24.1|24.8||||56.2|23.4|0.3|0.2||
IN07|IN|7|Indiana|District 7|675674|64.8|29.5|0.3|1.3|0.0|1.8|2.3|4.4|63.0|29.4|4.6|36522|33.5|13.5|53.6|27.5|69.8|0.0|0.8|11.2|48.6|21.2|29.5|28.2|16.8||||37.2|16.3|0.4|0.3||
IN08|IN|8|Indiana|District 8|675564|94.2|3.7|0.2|0.6|0.0|0.9|0.3|0.9|93.7|3.7|1.5|36732|39.2|10.7|42.0|26.1|56.7|0.1|3.3|14.4|47.1|15.9|26.6|25.2|20.7||||54.7|23.2|0.2|0.2||
IN09|IN|9|Indiana|District 9|675599|94.8|2.3|0.2|0.9|0.0|1.0|0.7|1.5|94.0|2.3|2.0|39011|41.2|10.5|44.5|32.1|43.8|0.0|3.7|12.1|49.6|17.3|26.9|23.7|23.9||||54.6|23.8|0.3|0.3||
KS01|KS|1|Kansas|District 1|672091|89.0|2.1|0.5|1.0|0.0|1.7|5.6|10.9|84.5|2.1|8.4|34869|43.9|11.0|43.3|11.4|72.2|0.0|0.3|16.3|48.0|18.0|29.4|23.4|17.8||||57.3|25.4|0.2|0.2||
KS02|KS|2|Kansas|District 2|672102|89.0|5.1|1.3|1.0|0.1|2.1|1.5|3.8|87.3|4.9|2.3|37855|43.7|11.2|48.1|18.8|62.8|0.0|0.2|13.5|48.0|23.2|32.3|25.4|15.3||||54.5|24.2|0.2|0.3||
KS03|KS|3|Kansas|District 3|672124|82.7|8.9|0.7|2.6|0.0|2.0|3.1|6.8|79.6|8.8|6.8|51118|44.1|7.8|50.6|16.5|81.6|0.0|0.0|10.1|52.1|39.1|41.5|28.8|10.2||||53.2|26.0|0.2|0.3||
KS04|KS|4|Kansas|District 4|672101|83.6|6.9|1.2|2.4|0.0|2.6|3.3|6.6|81.0|6.8|5.7|40917|41.6|9.6|48.4|22.2|69.3|0.0|0.1|13.0|47.7|23.0|31.5|25.5|17.0||||53.9|25.0|0.2|0.2||
KY01|KY|1|Kentucky|District 1|673629|90.4|7.3|0.2|0.4|0.1|1.0|0.6|1.5|89.7|7.2|1.6|30360|36.2|16.5|41.8|37.3|38.0|0.2|2.1|14.6|42.4|11.8|24.2|22.5|24.8||||56.5|23.5|0.2|0.2||
KY02|KY|2|Kentucky|District 2|673224|91.4|5.7|0.3|0.7|0.1|1.2|0.7|1.7|90.6|5.7|2.0|35724|39.2|13.3|45.4|38.7|40.1|0.1|2.1|11.5|46.0|13.9|25.2|24.4|23.5||||57.7|25.8|0.2|0.3||
KY03|KY|3|Kentucky|District 3|674032|77.0|19.3|0.2|1.4|0.0|1.4|0.7|1.8|76.0|19.1|3.3|39468|34.6|12.4|46.5|23.3|74.1|0.0|0.5|13.7|48.3|25.3|33.4|28.6|15.4||||44.9|18.8|0.3|0.3||
KY04|KY|4|Kentucky|District 4|673588|95.8|2.3|0.2|0.5|0.0|0.8|0.4|1.1|95.1|2.2|1.2|40150|38.1|11.4|43.3|35.1|43.9|0.2|5.1|11.6|46.8|17.5|29.1|27.0|18.4||||56.7|26.2|0.2|0.3||
KY05|KY|5|Kentucky|District 5|673670|97.6|1.1|0.2|0.3|0.0|0.7|0.1|0.7|97.1|1.1|0.5|21915|27.1|28.1|35.0|57.4|20.3|3.9|5.8|12.4|33.4|9.6|24.5|23.9|20.3||||57.4|25.3|0.2|0.2||
KY06|KY|6|Kentucky|District 6|673626|88.3|8.3|0.2|1.2|0.0|1.2|0.8|2.1|87.1|8.2|3.0|37544|41.1|13.2|52.3|42.2|47.9|0.2|1.4|10.9|49.9|24.6|33.4|25.4|16.7||||51.1|22.3|0.2|0.3||
LA01|LA|1|Louisiana|District 1|638355|82.6|12.9|0.3|1.5|0.0|1.3|1.2|4.7|79.6|12.8|5.3|40948|36.0|12.1|41.2|49.8|45.2|0.0|0.1|12.7|46.7|27.4|37.2|28.2|9.7||||51.9|23.5|0.3|0.3||
LA02|LA|2|Louisiana|District 2|638562|30.2|64.1|0.3|2.7|0.0|1.4|1.2|3.8|28.3|63.7|5.9|27514|24.5|26.8|41.4|39.7|58.4|0.0|0.0|10.3|39.4|19.4|29.2|27.1|12.7||||34.8|15.8|0.6|0.4||
LA03|LA|3|Louisiana|District 3|638322|70.9|24.7|1.6|1.0|0.0|1.1|0.6|2.1|69.7|24.6|7.0|34463|30.0|18.6|34.0|48.3|49.0|0.0|0.1|10.7|40.1|10.8|23.8|26.4|18.9||||55.6|27.0|0.2|0.3||
LA04|LA|4|Louisiana|District 4|638466|63.0|33.5|0.8|0.7|0.1|1.3|0.7|2.0|62.0|33.3|1.8|31085|31.8|20.0|44.1|39.6|48.8|0.0|0.1|13.0|39.4|16.7|27.2|25.4|16.2||||49.0|21.5|0.2|0.3||
LA05|LA|5|Louisiana|District 5|638517|64.1|33.9|0.4|0.5|0.0|0.7|0.4|1.3|63.4|33.7|2.2|27453|31.7|23.6|39.3|41.5|45.2|0.0|0.2|13.2|38.4|15.5|28.0|25.5|15.1||||49.8|22.0|0.2|0.3||
LA06|LA|6|Louisiana|District 6|638324|63.7|33.3|0.2|1.4|0.0|0.8|0.4|1.6|62.7|33.2|3.2|37931|34.2|16.6|45.4|56.0|39.8|0.0|0.2|9.6|45.0|24.1|33.3|28.2|12.5||||49.5|23.7|0.3|0.3||
LA07|LA|7|Louisiana|District 7|638430|72.8|25.0|0.3|0.7|0.0|0.8|0.4|1.4|72.0|24.8|9.2|31453|31.3|19.9|41.2|52.6|41.9|0.0|0.3|11.7|41.1|16.6|28.7|26.1|14.8||||51.7|24.8|0.3|0.3||
MA01|MA|1|Massachusetts|District 1|634479|91.4|1.9|0.2|1.7|0.0|1.7|3.2|6.3|88.8|1.6|8.1|42570|38.8|10.5|40.6|12.9|25.4|0.2|52.5|13.9|49.4|25.4|34.8|24.9|15.1||||49.9|21.9|0.2|0.5||
MA02|MA|2|Massachusetts|District 2|634444|85.6|5.9|0.2|1.3|0.1|1.9|5.0|9.2|82.5|5.5|11.5|44386|37.5|10.8|39.6|14.6|36.4|0.2|43.9|13.7|48.4|23.1|34.2|26.4|15.5||||49.9|22.4|0.2|0.5||
MA03|MA|3|Massachusetts|District 3|634585|88.9|2.8|0.2|3.2|0.0|2.0|2.8|6.0|86.2|2.6|13.3|50223|40.6|9.0|41.6|12.8|47.3|0.1|36.7|12.9|49.2|30.8|39.6|25.9|13.2||||52.9|25.4|0.3|0.3||
MA04|MA|4|Massachusetts|District 4|634624|89.4|2.2|0.2|3.2|0.0|2.2|2.7|3.3|87.9|2.0|14.4|53169|40.8|8.4|39.5|8.1|50.2|0.1|38.0|13.7|49.8|36.9|43.5|24.1|11.9||||52.4|24.7|0.3|0.4||
MA05|MA|5|Massachusetts|District 5|635326|83.5|2.3|0.2|5.3|0.0|2.3|6.4|11.6|79.7|1.7|17.8|56217|39.2|8.9|41.9|8.8|60.1|0.1|28.2|11.0|48.5|33.6|42.5|24.4|13.4||||55.1|28.0|0.2|0.4||
MA06|MA|6|Massachusetts|District 6|636554|91.4|2.2|0.2|2.5|0.0|1.5|2.2|4.4|89.8|1.9|9.5|57826|40.1|6.3|37.6|10.3|39.5|0.1|47.2|14.4|50.6|35.1|42.4|27.3|9.9||||54.3|25.1|0.3|0.3||
MA07|MA|7|Massachusetts|District 7|634287|86.1|3.5|0.2|5.7|0.0|2.3|2.2|4.8|83.5|3.3|17.0|56110|38.5|6.7|41.2|13.0|42.8|0.0|42.0|15.5|52.4|39.5|46.8|26.1|8.1||||48.2|21.1|0.4|0.5||
MA08|MA|8|Massachusetts|District 8|634835|54.8|23.2|0.4|8.2|0.1|4.9|8.4|15.9|48.9|21.9|31.0|39300|27.9|19.9|56.0|20.3|50.9|0.0|23.9|9.4|50.1|39.8|46.9|23.7|8.3||||26.9|11.4|0.9|0.6||
MA09|MA|9|Massachusetts|District 9|634062|81.2|8.5|0.2|3.7|0.0|2.8|3.6|4.6|79.3|8.1|13.4|55407|37.2|7.5|38.1|11.2|47.4|0.1|38.8|14.1|49.8|33.8|41.3|27.7|9.8||||49.1|23.1|0.3|0.4||
MA10|MA|10|Massachusetts|District 10|635901|93.0|1.6|0.3|2.7|0.0|1.4|0.8|1.3|92.2|1.5|5.3|51928|38.1|5.9|38.9|11.7|40.2|0.2|42.6|16.7|49.8|33.5|38.3|28.4|7.9||||52.9|22.3|0.4|0.4||
MD01|MD|1|Maryland|District 1|662062|85.5|11.2|0.2|1.4|0.0|1.1|0.5|1.6|84.7|11.2|2.6|51918|40.2|7.3|40.4|40.3|18.5|0.1|28.4|13.4|49.9|27.3|37.0|26.3|11.5||||59.3|25.6|0.3|0.3||
MD02|MD|2|Maryland|District 2|662060|67.3|27.3|0.3|2.5|0.1|1.8|0.8|2.2|66.3|27.1|4.7|44309|34.4|9.8|45.1|28.7|56.6|0.0|11.9|12.3|48.1|20.3|31.8|29.6|13.2||||45.3|20.2|0.2|0.3||
MD03|MD|3|Maryland|District 3|662062|77.3|16.3|0.3|3.2|0.0|1.8|1.1|2.9|75.7|16.2|7.4|52906|40.4|7.7|45.3|28.5|56.5|0.0|12.8|12.6|50.7|36.5|44.8|26.9|8.5||||47.3|20.7|0.3|0.4||
MD04|MD|4|Maryland|District 4|662062|30.3|57.3|0.3|5.7|0.1|2.7|3.7|7.5|27.6|56.8|13.7|57727|35.3|7.3|46.3|32.8|58.6|0.0|6.9|7.2|50.0|32.7|42.6|28.1|8.1||||46.3|23.8|0.3|0.4||
MD05|MD|5|Maryland|District 5|662060|62.0|30.3|0.4|3.7|0.1|2.2|1.4|3.5|60.4|30.0|6.2|62661|41.7|5.6|46.1|41.7|32.6|0.0|19.9|8.7|51.8|28.7|41.4|26.6|8.1||||55.3|26.9|0.3|0.3||
MD06|MD|6|Maryland|District 6|662060|92.3|4.9|0.2|1.0|0.0|1.0|0.5|1.4|91.5|4.8|1.9|50957|42.2|6.7|39.7|39.0|22.8|0.8|29.2|12.0|49.4|23.7|35.5|26.0|12.1||||60.5|28.2|0.2|0.3||
MD07|MD|7|Maryland|District 7|662060|34.9|59.1|0.2|3.6|0.0|1.5|0.6|1.7|34.2|58.8|4.8|38885|28.7|17.6|43.7|25.7|56.4|0.0|14.2|11.7|42.7|27.5|40.4|26.3|10.2||||35.9|16.0|0.4|0.4||
MD08|MD|8|Maryland|District 8|662060|62.6|16.7|0.3|10.9|0.1|3.6|5.9|13.7|56.1|16.4|27.8|68306|41.9|6.2|48.2|29.2|64.1|0.0|5.2|12.4|51.4|53.7|55.6|21.5|4.8||||52.5|25.6|0.3|0.4||
ME01|ME|1|Maine|District 1|637450|96.8|0.7|0.3|0.9|0.0|1.0|0.2|0.8|96.3|0.6|3.4|42044|43.3|8.6|42.7|4.7|5.5|0.2|78.9|13.9|51.0|27.9|34.7|26.8|13.4||||52.5|22.6|0.3|0.5||
ME02|ME|2|Maine|District 2|637473|97.1|0.4|0.8|0.5|0.0|1.0|0.2|0.7|96.7|0.4|5.0|32600|40.0|13.3|38.2|4.2|1.4|0.1|81.4|14.9|46.9|17.7|28.1|24.9|17.4||||52.5|20.9|0.3|0.3||
MI01|MI|1|Michigan|District 1|662563|94.3|1.1|2.4|0.4|0.0|1.5|0.2|0.9|93.8|1.0|1.5|34076|35.3|11.2|38.5|5.8|51.5|0.0|9.1|17.0|42.2|15.6|26.3|24.4|17.2||||55.6|20.9|0.1|0.2||
MI02|MI|2|Michigan|District 2|662563|89.8|4.5|0.7|1.0|0.0|1.6|2.3|5.2|87.5|4.5|3.6|42589|40.1|8.9|42.8|4.9|67.9|0.0|5.2|12.3|47.7|18.3|27.3|24.0|23.6||||58.6|26.7|0.2|0.2||
MI03|MI|3|Michigan|District 3|662563|84.7|8.1|0.5|1.6|0.1|2.0|2.9|6.2|82.2|7.9|6.2|45936|41.1|8.6|46.2|5.0|81.0|0.0|3.3|10.5|49.5|23.9|30.4|26.3|21.3||||53.8|26.4|0.2|0.3||
MI04|MI|4|Michigan|District 4|662563|94.2|2.1|0.9|0.8|0.0|1.3|0.8|2.4|92.8|2.1|1.8|39020|37.5|10.5|42.2|6.3|59.5|0.0|6.0|13.6|45.7|18.6|28.4|25.1|18.2||||56.5|23.4|0.2|0.2||
MI05|MI|5|Michigan|District 5|662563|76.7|18.6|0.5|0.7|0.0|2.1|1.4|3.6|75.0|18.5|2.2|39675|31.4|13.7|41.5|8.7|80.9|0.0|2.4|12.3|43.6|15.1|26.3|24.7|21.0||||47.9|20.6|0.2|0.2||
MI06|MI|6|Michigan|District 6|662563|86.0|8.9|0.5|1.1|0.0|1.9|1.6|3.6|84.3|8.8|3.8|40943|39.0|11.4|44.3|10.5|66.3|0.0|7.2|12.5|48.6|21.1|29.0|24.0|22.0||||52.5|22.6|0.2|0.3||
MI07|MI|7|Michigan|District 7|662563|90.1|5.7|0.4|0.8|0.0|1.7|1.3|3.2|88.5|5.6|2.3|45181|40.2|7.9|42.4|5.9|70.8|0.0|6.4|12.5|47.8|19.1|29.2|24.4|22.0||||55.7|24.2|0.2|0.2||
MI08|MI|8|Michigan|District 8|662563|89.5|4.9|0.5|1.9|0.0|1.9|1.3|3.5|87.7|4.8|3.6|52510|42.5|8.4|47.6|8.4|73.6|0.0|4.8|8.8|51.3|29.0|36.4|26.2|13.7||||56.1|27.0|0.3|0.3||
MI09|MI|9|Michigan|District 9|662563|83.1|8.1|0.2|5.6|0.0|1.8|1.1|3.0|81.4|8.0|10.8|65358|39.6|5.4|43.3|7.1|90.8|0.0|0.5|12.4|51.0|43.5|48.7|26.5|9.0||||54.6|25.2|0.3|0.2||
MI10|MI|10|Michigan|District 10|662562|94.9|1.5|0.4|1.2|0.0|1.4|0.6|2.1|93.6|1.5|5.4|52690|38.1|6.0|42.9|5.7|77.5|0.0|4.2|11.1|48.9|16.9|30.3|24.9|20.4||||61.4|28.7|0.2|0.2||
MI11|MI|11|Michigan|District 11|662563|90.9|3.7|0.3|3.0|0.0|1.5|0.5|2.0|89.5|3.7|5.6|59177|39.7|4.3|43.1|5.6|92.0|0.0|0.6|11.6|51.4|28.5|37.5|27.3|14.5||||56.1|26.9|0.2|0.2||
MI12|MI|12|Michigan|District 12|662563|82.6|12.0|0.3|2.3|0.0|2.2|0.4|1.5|81.7|12.0|9.5|46784|31.9|7.3|39.8|6.7|91.3|0.0|0.4|15.7|48.9|19.5|31.2|28.5|17.6||||46.6|19.7|0.2|0.3||
MI13|MI|13|Michigan|District 13|662563|31.8|60.8|0.4|1.2|0.0|2.3|3.6|7.2|28.9|60.5|7.8|31165|19.2|24.4|41.6|6.5|90.3|0.1|0.3|11.5|35.9|14.1|24.8|25.9|21.2||||30.6|14.7|0.3|0.2||
MI14|MI|14|Michigan|District 14|662563|33.0|61.4|0.3|1.2|0.0|3.5|0.6|1.8|32.1|61.1|9.2|36099|20.7|19.7|37.6|5.3|92.4|0.0|0.5|12.4|38.3|14.2|25.2|27.8|20.6||||36.0|16.3|0.2|0.3||
MI15|MI|15|Michigan|District 15|662563|80.9|11.8|0.4|3.8|0.0|2.3|0.9|2.8|79.2|11.7|7.0|48963|36.1|10.3|47.4|7.0|87.4|0.0|1.2|10.0|49.2|27.5|34.9|24.1|17.1||||49.2|22.6|0.3|0.3||
MN01|MN|1|Minnesota|District 1|614935|94.6|1.0|0.2|1.7|0.0|1.0|1.4|3.0|93.2|1.0|4.2|40941|46.1|8.5|40.0|10.0|62.6|0.0|6.6|15.1|52.1|21.6|32.9|23.7|18.3||||56.7|25.4|0.1|0.2||
MN02|MN|2|Minnesota|District 2|614934|93.2|1.6|0.4|2.3|0.0|1.4|1.1|2.6|91.8|1.6|3.9|61344|51.4|3.9|44.8|8.8|79.6|0.0|2.2|7.5|55.3|31.2|37.2|27.8|13.5||||63.1|34.3|0.2|0.2||
MN03|MN|3|Minnesota|District 3|614935|89.5|3.8|0.4|4.0|0.0|1.6|0.7|1.8|88.6|3.8|5.5|63816|47.2|3.5|42.9|9.0|87.0|0.0|1.1|10.2|55.7|40.1|43.2|29.9|10.4||||57.8|28.1|0.2|0.2||
MN04|MN|4|Minnesota|District 4|614935|79.9|6.7|0.8|7.6|0.1|2.7|2.4|5.2|77.7|6.5|10.8|46811|40.9|9.6|45.4|14.2|81.7|0.0|1.3|11.7|52.1|33.0|39.1|27.9|12.7||||45.4|21.1|0.3|0.3||
MN05|MN|5|Minnesota|District 5|614935|73.5|12.9|1.6|5.2|0.1|3.6|3.2|6.0|71.2|12.8|12.4|41569|39.6|12.7|52.3|12.0|84.0|0.0|0.8|11.7|54.9|34.9|39.7|27.5|12.3||||34.9|14.6|0.7|0.6||
MN06|MN|6|Minnesota|District 6|614935|95.6|1.0|0.4|1.4|0.0|1.1|0.4|1.3|94.9|0.9|2.2|56862|49.7|4.7|42.7|10.9|72.7|0.0|4.6|7.6|54.5|24.5|33.4|26.9|16.7||||63.3|33.6|0.2|0.2||
MN07|MN|7|Minnesota|District 7|614935|94.3|0.4|2.5|0.5|0.1|1.0|1.3|2.6|93.1|0.3|3.1|36453|44.2|10.3|37.3|19.6|35.8|0.0|16.4|16.9|48.4|16.4|30.4|23.0|19.2||||57.3|25.0|0.2|0.2||
MN08|MN|8|Minnesota|District 8|614935|95.1|0.5|2.6|0.4|0.0|1.1|0.2|0.8|94.6|0.5|1.6|37911|39.6|10.4|38.7|11.7|37.8|0.1|18.1|15.8|46.7|17.7|28.6|24.3|16.8||||55.3|22.3|0.2|0.2||
MO01|MO|1|Missouri|District 1|621690|46.5|49.8|0.2|1.5|0.0|1.4|0.5|1.3|45.8|49.7|3.3|36314|27.6|15.8|42.2|16.8|81.1|0.0|0.4|13.9|44.4|22.4|32.7|29.2|13.9||||37.2|15.4|0.3|0.3||
MO02|MO|2|Missouri|District 2|621690|94.2|2.2|0.2|2.0|0.0|1.0|0.4|1.4|93.2|2.2|2.8|61416|43.9|3.6|44.4|22.7|72.3|0.0|0.5|11.3|51.8|38.3|42.2|29.0|9.6||||62.8|30.8|0.1|0.2||
MO03|MO|3|Missouri|District 3|621690|86.7|9.2|0.3|1.7|0.0|1.5|0.6|1.8|85.7|9.1|4.6|41091|37.2|10.1|44.4|24.3|68.5|0.0|0.8|13.0|49.7|23.2|32.6|27.8|14.6||||46.8|21.3|0.4|0.3||
MO04|MO|4|Missouri|District 4|621690|93.3|3.2|0.6|0.6|0.1|1.5|0.8|1.9|92.4|3.2|2.0|34541|40.3|12.1|47.9|30.8|33.4|0.0|0.6|14.4|44.9|15.6|26.9|24.5|19.7||||58.2|24.7|0.2|0.2||
MO05|MO|5|Missouri|District 5|621691|68.8|24.4|0.5|1.3|0.2|2.3|2.5|5.6|66.3|24.2|4.7|38311|34.5|12.4|48.1|13.5|83.7|0.0|0.1|13.0|47.7|22.9|32.7|29.2|13.6||||42.3|17.9|0.5|0.3||
MO06|MO|6|Missouri|District 6|621690|93.8|2.8|0.4|0.8|0.1|1.4|0.7|2.4|92.4|2.8|1.9|41225|42.8|8.7|46.4|19.9|61.5|0.0|0.6|13.3|50.0|21.2|31.7|26.9|15.7||||56.3|24.9|0.2|0.2||
MO07|MO|7|Missouri|District 7|621690|94.1|1.3|1.0|0.7|0.1|1.7|1.1|2.6|92.9|1.2|2.2|32929|40.0|13.0|52.3|28.3|48.2|0.0|0.2|13.9|48.1|18.8|27.6|27.4|18.8||||54.9|22.7|0.2|0.2||
MO08|MO|8|Missouri|District 8|621690|93.1|4.4|0.6|0.4|0.0|1.2|0.3|1.0|92.5|4.3|1.1|27865|35.8|18.2|44.2|31.2|31.3|0.0|0.7|15.8|42.1|11.9|24.7|23.0|23.1||||55.5|22.7|0.2|0.2||
MO09|MO|9|Missouri|District 9|621690|93.3|3.9|0.3|0.9|0.0|1.2|0.4|1.1|92.6|3.9|1.9|36693|42.9|11.8|47.4|34.3|35.3|0.0|1.8|13.0|48.7|19.9|30.1|24.3|18.8||||55.4|24.5|0.2|0.2||
MS01|MS|1|Mississippi|District 1|711160|71.9|26.3|0.2|0.4|0.0|0.6|0.6|1.4|71.3|26.2|1.1|32535|35.4|16.4|40.7|30.8|39.2|0.0|0.3|12.4|43.5|13.9|24.0|24.5|27.4||||53.7|24.1|0.3|0.3||
MS02|MS|2|Mississippi|District 2|711164|35.0|63.5|0.2|0.4|0.0|0.6|0.3|1.2|34.5|63.2|0.9|26894|26.9|27.3|39.8|30.9|48.8|0.0|0.1|11.5|37.5|16.8|27.2|25.0|19.2||||41.4|18.8|0.2|0.3||
MS03|MS|3|Mississippi|District 3|711115|64.2|33.3|0.9|0.6|0.0|0.6|0.4|1.2|63.7|33.1|1.8|31907|34.9|19.2|40.8|40.6|32.7|0.0|0.2|12.8|42.2|20.2|31.3|25.3|18.1||||51.0|23.0|0.2|0.3||
MS04|MS|4|Mississippi|District 4|711219|74.4|22.3|0.4|1.2|0.0|1.0|0.6|1.8|73.5|22.1|2.2|33023|33.0|16.9|44.7|56.4|28.8|0.0|0.1|11.7|41.9|16.7|27.0|24.9|16.4||||52.4|23.5|0.2|0.3||
MT01|MT|1|Montana|District 1|902195|90.6|0.3|6.2|0.5|0.1|1.7|0.6|2.0|89.5|0.3|2.0|33024|42.2|14.6|46.4|16.1|59.1|0.3|3.1|13.4|47.2|24.4|33.1|25.5|11.2||||53.6|23.0|0.2|0.2||
NC01|NC|1|North Carolina|District 1|619178|45.4|50.7|0.7|0.5|0.0|1.0|1.7|3.1|44.4|50.5|2.7|28410|30.7|21.1|42.1|44.2|18.6|0.0|11.4|14.1|39.2|12.0|23.3|22.2|23.0||||45.5|18.7|0.2|0.3||
NC02|NC|2|North Carolina|District 2|619178|61.8|30.4|0.6|0.9|0.1|1.7|4.5|7.9|59.1|30.1|6.9|36510|39.0|14.3|49.6|54.5|14.6|0.0|6.1|9.9|43.2|15.9|27.5|24.6|19.5||||52.5|24.5|0.3|0.3||
NC03|NC|3|North Carolina|District 3|619178|77.9|16.8|0.4|0.9|0.1|1.5|2.4|4.4|76.3|16.6|3.3|37510|40.9|12.4|49.8|62.9|8.5|0.0|5.7|11.6|43.6|20.1|30.5|25.4|13.9||||56.8|24.5|0.2|0.3||
NC04|NC|4|North Carolina|District 4|619178|71.0|20.7|0.3|3.9|0.0|1.6|2.4|5.0|68.8|20.6|8.5|53847|46.6|9.2|57.0|47.7|40.0|0.0|3.0|8.0|53.2|48.0|51.1|23.7|7.1||||51.9|25.6|0.3|0.5||
NC05|NC|5|North Carolina|District 5|619178|89.5|6.8|0.2|0.8|0.0|0.9|1.8|3.6|87.9|6.7|3.6|39710|43.3|9.5|40.9|48.8|11.9|0.0|25.6|13.5|50.2|20.1|30.0|24.1|22.1||||57.8|23.7|0.2|0.3||
NC06|NC|6|North Carolina|District 6|619178|87.2|8.7|0.4|1.0|0.0|0.9|1.8|3.9|85.3|8.6|4.1|43503|43.1|8.2|42.8|48.6|25.9|0.0|11.3|13.7|51.0|22.7|30.4|25.4|21.1||||59.0|24.5|0.3|0.3||
NC07|NC|7|North Carolina|District 7|619178|64.4|23.2|8.6|0.5|0.1|1.1|2.1|3.9|63.0|23.1|3.6|33998|34.5|16.7|43.3|62.7|8.5|0.0|6.2|12.7|44.0|17.8|26.9|23.5|18.4||||50.8|20.4|0.3|0.2||
NC08|NC|8|North Carolina|District 8|619178|64.7|26.9|1.8|1.7|0.1|1.8|3.0|6.6|61.8|26.6|6.8|38390|38.6|12.4|48.1|49.4|27.3|0.0|9.6|10.6|46.1|18.2|27.8|25.4|20.0||||50.7|23.2|0.3|0.3||
NC09|NC|9|North Carolina|District 9|619178|84.7|10.5|0.3|2.1|0.0|1.1|1.3|3.5|82.9|10.3|5.4|55059|46.2|6.2|51.0|40.7|50.7|0.0|3.7|10.0|53.2|35.9|40.4|29.1|12.1||||57.4|26.9|0.3|0.3||
NC10|NC|10|North Carolina|District 10|619178|86.6|9.3|0.3|1.5|0.1|0.9|1.5|3.5|84.9|9.2|3.9|37649|40.7|10.6|41.4|50.4|17.7|0.0|20.3|13.1|49.6|14.1|23.0|22.4|30.9||||57.0|23.5|0.3|0.3||
NC11|NC|11|North Carolina|District 11|619177|91.2|4.6|1.6|0.5|0.0|1.0|1.0|2.6|89.8|4.6|3.0|34720|36.7|12.0|43.0|37.6|12.5|0.0|30.7|17.8|45.8|20.5|28.3|23.5|19.2||||54.9|19.7|0.3|0.3||
NC12|NC|12|North Carolina|District 12|619178|47.2|45.0|0.4|2.1|0.0|1.6|3.7|7.1|44.6|44.6|8.6|35775|33.6|15.9|50.7|43.4|41.0|0.0|11.3|10.8|46.9|19.2|25.7|26.2|22.0||||41.9|18.3|0.4|0.3||
NC13|NC|13|North Carolina|District 13|619178|65.9|27.1|0.4|2.0|0.0|1.6|3.0|6.0|63.3|26.9|8.2|41060|39.7|11.6|51.8|45.2|37.3|0.0|5.9|10.8|51.7|27.3|34.7|25.7|15.7||||46.1|20.3|0.3|0.3||
ND01|ND|1|North Dakota|District 1|642200|92.4|0.6|4.9|0.6|0.0|1.2|0.4|1.2|91.7|0.6|3.1|34604|45.2|11.9|43.2|28.8|43.1|0.7|9.2|14.7|49.3|22.0|33.3|26.1|12.4||||53.4|24.1|0.2|0.2||
NE01|NE|1|Nebraska|District 1|570325|92.1|1.4|1.3|1.5|0.0|1.4|2.2|4.2|90.5|1.4|5.1|40021|46.1|9.2|46.7|22.1|61.7|0.0|1.8|13.4|52.9|23.9|32.1|25.6|16.6||||54.5|24.8|0.1|0.3||
NE02|NE|2|Nebraska|District 2|570421|82.3|10.3|0.6|1.8|0.1|1.9|3.1|6.3|79.6|10.2|5.8|45235|41.8|8.8|48.7|13.3|84.4|0.0|0.4|10.1|51.2|30.5|36.5|30.3|11.6||||50.1|24.6|0.3|0.3||
NE03|NE|3|Nebraska|District 3|570517|94.4|0.3|0.8|0.5|0.0|1.0|3.0|6.0|91.9|0.3|4.3|33866|45.3|11.1|40.6|19.6|59.1|0.0|1.6|17.3|49.7|17.1|30.2|23.3|17.3||||57.9|25.2|0.2|0.1||
NH01|NH|1|New Hampshire|District 1|617575|96.1|0.8|0.2|1.2|0.0|1.1|0.5|1.6|95.1|0.7|4.7|50135|43.4|6.7|46.4|8.3|19.3|0.2|58.7|11.7|53.3|28.5|35.2|27.5|14.3||||54.6|25.3|0.2|0.4||
NH02|NH|2|New Hampshire|District 2|618211|96.0|0.7|0.3|1.4|0.0|1.1|0.7|1.7|95.1|0.6|4.4|48762|44.2|6.4|42.9|7.0|17.5|0.2|57.5|12.3|52.1|28.9|36.4|25.7|15.3||||56.0|25.5|0.2|0.4||
NJ01|NJ|1|New Jersey|District 1|647258|74.0|17.0|0.2|2.7|0.0|1.8|4.2|8.2|71.2|16.3|8.7|47473|33.9|9.9|37.3|8.9|70.1|0.0|18.7|12.0|47.0|20.7|32.8|29.6|13.6||||49.8|23.9|0.2|0.3||
NJ02|NJ|2|New Jersey|District 2|647258|75.7|14.4|0.4|2.4|0.0|2.1|4.9|10.3|71.7|13.8|10.6|44173|34.2|10.3|38.8|15.4|50.4|0.0|26.9|14.1|44.7|17.9|27.9|25.8|12.9||||50.5|22.1|0.3|0.3||
NJ03|NJ|3|New Jersey|District 3|647257|85.6|8.8|0.2|2.8|0.0|1.6|1.1|3.8|83.4|8.5|6.0|55282|35.2|5.1|38.2|12.5|71.6|0.1|13.6|17.0|46.2|27.2|38.1|29.5|9.9||||59.1|25.1|0.2|0.3||
NJ04|NJ|4|New Jersey|District 4|647258|85.3|7.8|0.2|2.3|0.0|1.7|2.7|7.6|81.3|7.5|9.9|54073|35.9|6.6|40.7|15.0|66.7|0.0|15.6|16.3|45.6|25.4|36.4|28.9|11.1||||56.1|26.0|0.2|0.3||
NJ05|NJ|5|New Jersey|District 5|647258|89.3|1.5|0.2|6.6|0.0|1.3|1.1|4.5|86.3|1.5|12.0|72781|41.0|3.6|34.6|6.3|62.9|0.1|26.4|13.3|49.5|38.6|44.0|28.9|8.4||||65.9|32.9|0.2|0.2||
NJ06|NJ|6|New Jersey|District 6|647257|67.5|16.8|0.2|8.4|0.0|2.6|4.5|11.7|61.7|16.1|19.7|55681|34.0|9.1|42.6|9.7|76.0|0.0|12.3|11.7|49.4|29.7|37.4|28.8|12.5||||50.6|24.0|0.3|0.3||
NJ07|NJ|7|New Jersey|District 7|647257|83.4|4.6|0.1|8.2|0.0|1.6|2.0|6.9|79.0|4.4|16.2|74823|41.8|3.4|37.6|5.7|70.5|0.1|21.1|13.1|50.6|41.5|47.5|27.0|8.9||||63.1|31.1|0.2|0.3||
NJ08|NJ|8|New Jersey|District 8|647258|63.5|13.4|0.3|5.3|0.0|3.8|13.6|25.8|53.7|12.7|32.9|51954|32.1|10.7|40.6|7.1|72.7|0.0|16.9|13.4|45.2|28.0|35.5|28.5|15.5||||51.2|24.7|0.3|0.3||
NJ09|NJ|9|New Jersey|District 9|647257|71.4|7.1|0.2|10.8|0.0|3.5|6.9|18.8|61.3|6.6|36.8|52437|32.5|7.6|41.4|10.9|69.6|0.0|17.1|14.8|48.9|29.5|36.0|30.8|12.7||||49.9|22.4|0.3|0.3||
NJ10|NJ|10|New Jersey|District 10|647258|28.4|57.7|0.3|3.6|0.1|3.9|6.0|15.0|21.4|56.6|24.3|38177|23.4|17.5|42.6|10.4|60.8|0.1|23.7|10.9|40.8|18.3|27.7|30.3|16.8||||36.2|17.6|0.3|0.4||
NJ11|NJ|11|New Jersey|District 11|647258|87.5|2.8|0.1|6.4|0.0|1.5|1.7|6.8|82.9|2.6|13.9|79009|42.9|3.5|39.2|7.3|60.6|0.1|29.0|11.9|51.3|45.2|48.6|27.6|7.6||||63.4|31.3|0.3|0.3||
NJ12|NJ|12|New Jersey|District 12|647258|75.4|11.7|0.1|9.1|0.0|1.8|1.9|5.5|72.4|11.4|15.5|69668|40.4|5.2|41.5|11.1|71.8|0.0|14.9|12.6|48.5|42.3|48.8|27.0|7.7||||59.6|29.3|0.3|0.3||
NJ13|NJ|13|New Jersey|District 13|647258|56.1|12.8|0.5|5.6|0.1|5.8|19.1|47.6|32.3|11.3|55.0|37129|24.5|18.0|47.7|13.3|64.9|0.0|16.9|10.9|42.5|20.5|28.2|27.5|20.4||||39.7|19.1|0.5|0.3||
NM01|NM|1|New Mexico|District 1|606400|71.1|2.6|3.5|1.8|0.1|4.2|16.7|42.6|48.5|2.3|19.4|38413|34.5|14.0|50.5|11.5|79.9|0.0|0.1|11.3|46.7|29.5|37.3|27.9|9.6||||47.0|21.2|0.4|0.5||
NM02|NM|2|New Mexico|District 2|606406|68.8|1.8|5.5|0.6|0.1|3.3|19.8|47.3|44.3|1.6|30.2|29269|30.2|22.4|44.2|14.4|60.3|0.0|0.1|13.0|37.5|16.9|28.9|24.0|13.1||||53.8|24.4|0.3|0.3||
NM03|NM|3|New Mexico|District 3|606240|60.4|1.2|19.6|0.8|0.1|3.4|14.6|36.3|41.4|1.1|26.9|35058|33.8|19.0|42.0|9.0|61.7|0.2|0.3|10.7|41.7|23.7|34.9|25.4|9.9||||50.7|24.3|0.3|0.4||
NV01|NV|1|Nevada|District 1|666088|65.9|12.2|0.8|4.7|0.5|4.5|11.4|28.2|51.5|11.9|24.6|39480|31.7|13.9|65.9|52.0|46.5|0.0|0.1|9.9|44.3|14.6|21.3|26.5|10.3||||44.1|21.2|0.5|0.3||
NV02|NV|2|Nevada|District 2|666087|81.9|2.5|2.4|2.9|0.3|3.1|6.9|15.3|74.8|2.4|12.2|43879|38.9|10.1|57.3|20.9|58.8|0.0|4.4|11.3|46.9|19.3|27.8|27.0|12.3||||51.8|23.2|0.3|0.3||
NV03|NV|3|Nevada|District 3|666082|77.7|5.6|0.7|6.0|0.4|3.9|5.7|15.6|69.3|5.5|14.4|50749|36.5|7.5|64.8|35.0|63.3|0.0|0.0|11.6|48.9|20.4|27.6|29.1|8.6||||53.0|21.9|0.4|0.4||
NY01|NY|1|New York|District 1|654360|89.3|4.3|0.3|2.4|0.0|1.7|2.0|7.5|84.5|4.0|8.0|61884|36.0|6.0|37.8|7.6|19.9|0.1|69.4|12.1|48.2|27.2|36.0|28.5|9.3||||60.9|29.7|0.3|0.4||
NY02|NY|2|New York|District 2|654360|78.4|10.4|0.2|3.0|0.0|2.4|5.5|13.9|71.5|9.8|14.5|71147|34.8|5.9|33.1|5.1|34.9|0.1|57.9|11.6|47.9|30.6|37.3|29.0|11.4||||64.7|32.0|0.4|0.4||
NY03|NY|3|New York|District 3|654361|91.2|2.2|0.1|3.0|0.0|1.5|1.9|6.9|86.9|2.1|10.4|70561|34.3|4.3|29.1|5.1|32.8|0.1|60.8|14.6|48.5|31.3|38.6|30.7|8.4||||63.6|30.2|0.3|0.3||
NY04|NY|4|New York|District 4|654360|68.9|18.2|0.2|4.5|0.0|2.8|5.4|13.6|62.3|17.6|19.4|66799|32.4|6.4|31.1|4.3|41.8|0.0|51.9|14.3|46.6|31.0|37.6|30.3|9.2||||60.0|29.0|0.3|0.4||
NY05|NY|5|New York|District 5|654361|55.7|5.8|0.3|24.6|0.0|3.9|9.7|23.5|44.2|5.1|50.7|51156|28.9|12.1|38.5|7.4|53.8|0.0|34.9|14.8|44.5|33.6|36.9|28.3|11.6||||54.9|25.3|0.3|0.3||
NY06|NY|6|New York|District 6|654361|18.9|53.9|0.7|9.0|0.1|7.7|9.8|16.9|12.8|52.1|24.2|43546|21.5|14.5|34.4|4.8|66.5|0.0|24.9|10.6|41.1|18.0|27.2|30.2|12.6||||44.8|23.1|0.3|0.4||
NY07|NY|7|New York|District 7|654360|45.1|18.7|0.6|12.9|0.1|5.6|17.0|39.5|27.6|16.5|49.2|36990|21.6|17.7|38.9|7.7|52.0|0.1|34.9|12.9|40.0|19.8|27.9|29.4|13.1||||40.8|19.6|0.4|0.3||
NY08|NY|8|New York|District 8|654360|74.6|6.1|0.2|11.1|0.1|3.3|4.7|11.7|68.7|5.4|40.4|47061|32.8|18.7|42.1|12.0|45.5|0.1|36.1|13.8|48.7|47.8|55.0|24.2|6.5||||32.9|13.8|1.4|0.4||
NY09|NY|9|New York|District 9|654360|71.0|4.4|0.2|14.6|0.0|3.9|5.8|13.6|64.0|4.0|43.9|45426|28.7|12.2|36.3|3.6|61.5|0.1|30.6|16.7|43.1|31.0|39.0|29.4|10.3||||50.0|22.0|0.3|0.2||
NY10|NY|10|New York|District 10|654361|21.0|63.0|0.4|2.7|0.1|4.0|8.8|17.2|16.2|60.2|25.5|30212|17.3|29.0|35.7|6.7|62.7|0.0|23.6|9.6|34.4|17.5|31.0|29.3|10.9||||32.5|16.9|0.5|0.4||
NY11|NY|11|New York|District 11|654361|24.9|61.2|0.3|4.2|0.1|4.1|5.2|12.1|21.4|58.5|26.2|34082|21.5|23.2|38.0|5.2|55.5|0.1|33.4|9.2|40.9|25.0|35.1|26.1|9.2||||32.1|16.3|0.6|0.6||
NY12|NY|12|New York|District 12|654360|39.5|10.9|0.7|16.0|0.1|5.9|26.8|48.5|23.3|8.8|60.0|29195|20.0|28.3|39.7|6.3|58.8|0.0|28.1|9.5|38.2|17.1|25.9|25.1|19.3||||37.9|19.6|0.5|0.4||
NY13|NY|13|New York|District 13|654361|76.8|6.9|0.2|9.2|0.0|3.1|3.8|11.0|70.9|6.3|27.7|50092|27.8|11.9|36.7|3.0|75.5|0.0|18.4|13.4|43.3|24.0|34.9|30.1|10.0||||52.3|25.0|0.3|0.3||
NY14|NY|14|New York|District 14|654361|73.1|5.2|0.2|11.4|0.1|4.3|5.6|14.0|65.9|4.8|34.1|57152|38.4|12.4|46.5|14.7|36.5|0.1|40.5|13.2|56.6|56.9|57.7|24.4|4.9||||29.2|10.6|0.7|0.2||
NY15|NY|15|New York|District 15|654361|28.2|34.6|0.9|2.9|0.1|5.9|27.3|47.9|16.4|30.5|46.8|27934|17.7|30.5|38.7|10.1|40.4|0.1|43.1|10.8|35.7|25.0|38.1|25.7|10.8||||24.5|11.8|0.6|0.4||
NY16|NY|16|New York|District 16|654360|20.4|36.0|1.2|1.8|0.1|6.6|34.0|62.8|2.9|30.3|54.5|19311|11.9|42.2|39.8|12.7|41.9|0.1|37.8|6.7|26.3|7.8|18.2|28.2|15.7||||26.0|15.5|0.4|0.4||
NY17|NY|17|New York|District 17|654360|48.9|32.3|0.4|4.6|0.1|4.2|9.5|20.4|41.3|30.4|27.4|44868|27.8|16.0|39.3|7.2|53.1|0.1|35.5|12.8|42.7|28.5|37.8|27.1|8.7||||43.1|20.8|0.4|0.3||
NY18|NY|18|New York|District 18|654360|74.9|10.0|0.2|5.3|0.0|2.9|6.7|16.2|67.1|9.5|23.3|68887|36.5|7.8|38.3|6.6|52.0|0.1|38.8|14.4|47.2|43.8|47.5|25.7|6.3||||56.6|27.7|0.3|0.3||
NY19|NY|19|New York|District 19|654361|88.1|5.4|0.2|2.2|0.0|1.7|2.4|7.7|83.5|5.0|9.6|64337|40.4|6.4|38.4|12.2|28.9|0.1|54.2|10.9|47.3|32.3|40.6|26.6|8.5||||62.1|32.1|0.3|0.4||
NY20|NY|20|New York|District 20|654360|94.7|2.5|0.2|0.8|0.0|1.1|0.7|2.2|93.4|2.4|2.6|44239|40.6|7.9|37.6|11.3|24.2|0.2|51.6|13.7|47.9|24.7|35.7|25.4|12.8||||55.4|24.3|0.2|0.3||
NY21|NY|21|New York|District 21|654361|87.0|7.8|0.2|2.1|0.0|1.7|1.1|3.2|85.5|7.5|5.5|40254|36.4|11.2|41.1|11.9|63.3|0.0|20.1|15.5|47.3|27.0|37.8|28.2|11.6||||45.1|19.3|0.3|0.3||
NY22|NY|22|New York|District 22|654361|83.7|8.2|0.3|2.6|0.0|2.3|3.0|7.8|79.9|7.7|8.7|38586|35.1|14.3|43.7|11.4|41.9|0.3|37.7|13.6|45.3|23.9|35.0|25.8|12.9||||46.6|20.6|0.3|0.4||
NY23|NY|23|New York|District 23|654361|93.8|2.7|0.9|0.6|0.0|1.0|0.9|2.1|92.9|2.6|1.9|35434|37.9|13.5|40.4|13.1|25.1|0.1|44.4|12.5|42.2|16.0|28.4|24.0|16.8||||53.5|24.0|0.2|0.2||
NY24|NY|24|New York|District 24|654361|93.4|3.4|0.2|0.9|0.0|1.3|0.8|2.3|92.2|3.3|3.8|36082|37.2|12.6|38.1|10.0|47.0|0.6|29.4|15.2|45.3|19.3|32.5|24.7|15.9||||50.6|21.6|0.2|0.3||
NY25|NY|25|New York|District 25|654361|87.7|7.3|0.7|1.8|0.0|1.7|0.8|2.3|86.6|7.1|5.0|43188|38.6|10.4|40.1|12.0|73.3|0.1|8.3|13.9|47.7|27.8|37.7|27.3|13.8||||50.4|22.9|0.2|0.3||
NY26|NY|26|New York|District 26|654361|93.3|3.2|0.3|1.5|0.0|1.0|0.7|1.9|92.3|3.0|3.4|46653|39.7|6.9|36.8|9.3|73.8|0.2|9.5|14.1|48.1|25.5|35.6|26.2|15.5||||56.6|25.6|0.1|0.2||
NY27|NY|27|New York|District 27|654361|90.8|4.2|0.8|0.7|0.0|1.4|2.1|4.6|88.8|4.0|5.8|36884|34.1|12.0|36.8|5.5|87.2|0.0|2.1|15.8|45.8|19.9|30.8|27.1|17.4||||48.2|20.5|0.2|0.3||
NY28|NY|28|New York|District 28|654360|63.9|29.2|0.5|1.5|0.0|2.2|2.6|5.5|62.0|28.7|7.0|31751|27.7|18.7|42.6|9.0|81.8|0.0|5.7|14.3|43.0|21.2|31.9|26.4|16.6||||36.1|15.2|0.3|0.3||
NY29|NY|29|New York|District 29|654361|93.4|2.7|0.5|1.8|0.0|1.1|0.5|1.4|92.5|2.7|3.6|41875|39.2|9.9|39.0|11.7|62.7|0.7|11.5|14.1|47.2|26.1|36.8|24.5|15.2||||54.8|23.9|0.3|0.2||
OH01|OH|1|Ohio|District 1|630730|69.1|27.5|0.2|1.3|0.0|1.4|0.5|1.1|68.6|27.4|2.7|37414|32.8|13.9|44.6|23.8|68.5|0.0|3.3|13.0|46.9|22.3|31.8|28.6|14.7||||41.8|18.5|0.3|0.3||
OH02|OH|2|Ohio|District 2|630730|92.3|4.7|0.3|1.3|0.0|1.0|0.3|1.0|91.7|4.7|2.2|46813|39.7|8.4|44.4|30.1|50.0|0.0|9.2|12.3|48.4|29.0|37.4|26.3|14.3||||55.2|25.9|0.2|0.2||
OH03|OH|3|Ohio|District 3|630730|80.1|17.0|0.2|1.1|0.0|1.3|0.4|1.1|79.5|16.9|1.9|41591|37.8|10.2|45.9|28.9|59.9|0.0|4.6|13.6|47.0|22.7|33.5|26.2|17.9||||49.8|21.1|0.2|0.2||
OH04|OH|4|Ohio|District 4|630730|92.4|5.2|0.2|0.6|0.0|1.1|0.5|1.2|91.7|5.2|1.4|40100|39.4|9.4|40.7|18.6|57.6|0.1|5.8|13.5|47.3|13.1|24.5|22.6|28.0||||56.5|24.2|0.2|0.2||
OH05|OH|5|Ohio|District 5|630730|95.5|1.1|0.2|0.5|0.0|1.1|1.7|3.8|93.7|1.1|2.1|41701|40.8|7.6|38.4|17.5|55.9|0.0|4.9|13.1|49.6|14.6|24.6|21.4|29.8||||58.4|26.1|0.2|0.2||
OH06|OH|6|Ohio|District 6|630730|95.8|2.4|0.2|0.5|0.0|0.9|0.2|0.8|95.2|2.4|1.2|32888|33.6|14.0|36.5|22.2|54.0|0.3|10.0|15.4|42.5|14.2|26.2|25.5|20.4||||55.6|22.5|0.2|0.2||
OH07|OH|7|Ohio|District 7|630730|89.3|7.5|0.3|1.0|0.0|1.5|0.4|1.1|88.7|7.5|1.8|43248|39.9|8.8|44.6|21.7|62.7|0.1|6.1|11.9|47.6|18.7|29.9|27.2|18.5||||56.4|24.7|0.2|0.2||
OH08|OH|8|Ohio|District 8|630730|92.4|4.4|0.2|1.2|0.0|1.2|0.5|1.3|91.8|4.4|1.9|43753|39.7|8.8|45.8|28.3|56.3|0.0|7.1|11.8|48.8|18.7|30.0|26.1|20.8||||56.6|25.7|0.2|0.2||
OH09|OH|9|Ohio|District 9|630730|81.5|13.7|0.3|1.0|0.0|2.0|1.6|4.0|79.6|13.6|3.0|40265|35.3|12.0|41.8|14.4|77.3|0.0|1.7|13.7|47.0|19.8|29.2|25.8|20.2||||48.2|20.5|0.2|0.3||
OH10|OH|10|Ohio|District 10|630730|89.5|4.4|0.2|1.7|0.0|1.9|2.3|5.0|87.2|4.2|9.5|41841|34.3|9.1|39.3|8.2|89.2|0.0|0.2|16.2|48.3|23.3|32.6|29.9|15.3||||46.4|19.7|0.3|0.2||
OH11|OH|11|Ohio|District 11|630730|39.7|55.9|0.2|1.6|0.0|1.6|1.0|2.3|38.8|55.5|6.0|31998|25.8|19.5|42.1|10.5|86.1|0.0|0.3|15.4|41.5|23.4|34.2|27.1|15.9||||33.9|13.6|0.2|0.3||
OH12|OH|12|Ohio|District 12|630730|72.9|21.9|0.2|2.1|0.0|2.0|0.7|1.7|72.1|21.7|4.8|47289|40.3|10.0|51.5|20.4|72.8|0.0|2.4|9.7|50.9|32.1|38.9|29.5|11.6||||48.9|23.3|0.3|0.3||
OH13|OH|13|Ohio|District 13|630730|83.2|12.3|0.2|1.2|0.0|1.7|1.4|3.5|81.5|12.1|4.4|44524|36.3|9.4|40.2|12.0|84.0|0.0|1.4|13.6|47.8|22.3|31.6|27.6|17.6||||52.6|22.6|0.2|0.2||
OH14|OH|14|Ohio|District 14|630730|94.8|2.5|0.1|1.1|0.0|0.9|0.5|1.3|94.0|2.5|4.4|51304|40.1|5.7|38.1|10.8|75.9|0.3|7.8|13.4|50.3|27.1|35.4|26.6|16.4||||60.4|27.1|0.2|0.2||
OH15|OH|15|Ohio|District 15|630730|86.3|7.3|0.3|3.3|0.0|1.9|1.0|2.3|85.2|7.2|5.7|43885|42.9|10.8|53.7|18.3|75.7|0.0|1.7|10.0|53.2|32.1|37.7|28.7|12.7||||45.0|20.8|0.4|0.4||
OH16|OH|16|Ohio|District 16|630730|92.9|4.8|0.2|0.6|0.0|1.2|0.3|0.9|92.4|4.8|2.4|41801|38.7|8.3|39.1|12.9|74.6|0.1|6.4|14.0|48.7|19.2|29.0|25.7|21.5||||57.2|24.7|0.2|0.2||
OH17|OH|17|Ohio|District 17|630730|85.3|11.8|0.2|0.7|0.0|1.4|0.6|1.6|84.5|11.6|3.0|36705|33.0|12.3|39.3|9.8|81.8|0.1|4.3|14.8|46.0|15.8|25.2|26.5|22.6||||48.8|19.6|0.2|0.2||
OH18|OH|18|Ohio|District 18|630730|96.3|1.9|0.2|0.3|0.0|1.0|0.2|0.6|95.9|1.9|3.3|34462|36.0|12.6|39.2|21.6|52.3|0.4|8.4|13.7|44.6|11.3|23.4|22.4|26.0||||56.9|24.5|0.2|0.2||
OK01|OK|1|Oklahoma|District 1|690131|76.1|9.4|5.9|1.4|0.0|4.6|2.4|5.3|73.8|9.4|4.9|38610|38.4|11.3|51.8|24.1|72.3|0.0|0.0|12.0|48.5|25.6|33.5|29.4|12.8||||51.5|23.2|0.3|0.3||
OK02|OK|2|Oklahoma|District 2|690130|71.1|4.1|17.1|0.3|0.0|6.5|0.9|2.4|70.2|4.0|2.3|27885|34.0|18.5|44.6|26.4|43.5|0.0|0.1|15.2|40.3|13.2|25.5|22.7|20.7||||56.3|23.2|0.2|0.3||
OK03|OK|3|Oklahoma|District 3|690131|83.0|3.8|6.2|0.8|0.1|3.5|2.6|5.2|81.0|3.8|3.6|32098|39.2|15.0|46.0|20.7|62.7|0.0|0.1|14.2|44.8|18.1|29.3|24.8|16.0||||56.7|24.4|0.2|0.3||
OK04|OK|4|Oklahoma|District 4|690131|79.7|6.7|5.7|1.7|0.1|4.1|2.0|4.8|77.6|6.6|3.7|35510|38.6|13.1|49.7|31.4|56.1|0.0|0.1|12.1|44.5|20.2|30.6|26.6|15.0||||56.4|25.2|0.2|0.2||
OK05|OK|5|Oklahoma|District 5|690131|70.9|13.7|4.7|2.6|0.1|4.0|4.1|8.3|67.7|13.6|8.0|33893|35.7|15.8|51.4|28.7|66.2|0.0|0.1|12.5|45.9|24.5|31.8|28.8|13.3||||46.8|20.3|0.3|0.3||
OR01|OR|1|Oregon|District 1|684280|84.9|1.2|0.8|5.1|0.2|3.0|4.8|9.4|81.1|1.1|11.6|48464|43.9|8.7|57.0|47.4|42.5|0.0|4.7|10.1|51.3|33.3|39.1|26.3|12.8||||51.6|24.6|0.3|0.3||
OR02|OR|2|Oregon|District 2|684280|89.1|0.4|2.1|0.8|0.2|2.5|4.9|8.8|86.1|0.4|5.9|35600|37.7|13.0|52.6|46.0|30.0|0.0|6.5|15.1|43.5|19.0|29.2|24.8|15.7||||55.6|22.4|0.2|0.3||
OR03|OR|3|Oregon|District 3|684279|79.8|5.3|1.0|5.4|0.3|4.0|4.1|7.6|77.2|5.2|12.1|42063|38.2|11.7|53.2|37.5|43.3|0.0|14.7|11.0|50.6|24.8|31.6|27.8|15.7||||45.3|20.2|0.5|0.7||
OR04|OR|4|Oregon|District 4|684280|91.7|0.5|1.4|1.5|0.2|3.0|1.6|4.2|89.7|0.5|3.4|35796|37.0|13.7|50.7|63.0|18.4|0.0|3.5|15.1|45.3|21.4|30.5|24.7|16.6||||52.3|20.0|0.2|0.4||
OR05|OR|5|Oregon|District 5|684280|87.1|0.7|1.3|1.9|0.3|2.9|5.8|10.3|83.6|0.6|9.4|44409|39.3|10.9|52.6|49.0|38.7|0.0|5.0|12.7|47.1|27.0|34.1|26.5|13.1||||55.0|24.1|0.3|0.3||
PA01|PA|1|Pennsylvania|District 1|646357|37.1|45.9|0.3|4.9|0.1|2.7|9.0|15.0|33.0|44.9|17.6|28261|18.6|26.9|39.0|9.6|76.9|0.0|11.1|12.1|36.0|13.9|27.3|29.6|14.6||||30.8|14.0|0.5|0.3||
PA02|PA|2|Pennsylvania|District 2|646355|30.9|61.2|0.2|4.3|0.0|2.0|1.3|3.0|29.9|60.7|7.5|30646|21.2|23.8|39.4|11.1|74.0|0.0|11.9|13.9|39.4|24.2|37.8|28.0|10.0||||26.9|10.8|0.4|0.4||
PA03|PA|3|Pennsylvania|District 3|646311|94.4|3.5|0.1|0.5|0.0|0.9|0.5|1.3|93.7|3.5|2.6|35884|35.8|11.6|36.6|7.9|72.0|0.2|10.8|15.4|45.3|18.0|27.7|24.6|21.7||||54.1|22.6|0.2|0.1||
PA04|PA|4|Pennsylvania|District 4|646609|94.7|3.4|0.1|0.9|0.0|0.7|0.2|0.6|94.3|3.4|2.2|43547|36.5|7.5|32.6|8.8|78.3|0.1|10.0|17.3|46.7|27.1|36.2|27.5|13.6||||58.2|24.5|0.2|0.2||
PA05|PA|5|Pennsylvania|District 5|646397|96.5|1.3|0.2|1.1|0.0|0.6|0.3|0.8|96.0|1.3|2.0|33254|37.7|13.5|37.5|14.0|46.3|2.8|27.1|15.4|44.7|16.9|27.9|23.2|22.9||||54.5|22.0|0.2|0.2||
PA06|PA|6|Pennsylvania|District 6|646221|87.9|6.8|0.1|2.1|0.0|1.3|1.7|3.7|86.3|6.7|5.7|55611|41.5|6.1|40.1|20.6|36.2|0.5|37.7|14.0|50.1|34.2|41.1|27.0|12.6||||56.1|25.5|0.3|0.3||
PA07|PA|7|Pennsylvania|District 7|646522|89.2|5.5|0.1|3.7|0.0|1.0|0.4|1.3|88.4|5.4|6.0|56126|38.1|5.4|36.7|15.0|54.8|0.1|27.9|15.4|49.5|36.1|43.3|29.4|8.4||||54.7|25.0|0.3|0.2||
PA08|PA|8|Pennsylvania|District 8|645403|92.1|3.5|0.1|2.4|0.0|1.0|0.8|2.3|90.8|3.4|5.4|59207|40.5|4.5|36.2|23.3|36.0|0.2|37.3|12.6|51.4|30.7|38.2|29.8|11.9||||61.0|28.9|0.4|0.3||
PA09|PA|9|Pennsylvania|District 9|646628|96.9|1.6|0.1|0.4|0.0|0.6|0.3|0.9|96.4|1.6|1.9|34910|36.5|11.1|32.5|18.1|26.3|3.5|42.2|15.9|45.0|13.0|25.1|23.7|22.2||||58.6|23.7|0.2|0.2||
PA10|PA|10|Pennsylvania|District 10|646534|96.3|1.9|0.2|0.5|0.0|0.7|0.4|1.4|95.5|1.9|2.2|35996|36.4|10.3|34.0|19.2|24.0|3.5|41.2|16.6|44.8|17.1|28.1|24.5|20.7||||56.2|23.0|0.2|0.2||
PA11|PA|11|Pennsylvania|District 11|646209|94.6|2.6|0.1|0.7|0.0|1.0|0.9|2.5|93.3|2.5|3.3|34979|32.8|11.3|34.4|20.4|37.4|3.8|32.1|17.9|44.9|15.9|26.4|27.7|19.8||||50.5|20.6|0.3|0.3||
PA12|PA|12|Pennsylvania|District 12|646249|95.3|3.3|0.1|0.3|0.0|0.7|0.2|0.6|95.0|3.3|1.4|30612|30.7|13.6|30.7|11.2|58.5|2.1|24.2|19.1|41.6|13.7|25.7|25.7|19.0||||51.8|19.8|0.2|0.2||
PA13|PA|13|Pennsylvania|District 13|647435|87.2|6.1|0.1|4.1|0.0|1.2|1.3|3.1|85.7|5.9|10.5|49319|35.9|7.1|36.0|13.2|69.0|0.1|16.1|17.3|47.3|28.6|38.0|30.1|11.3||||53.3|23.7|0.2|0.3||
PA14|PA|14|Pennsylvania|District 14|646013|73.5|22.7|0.2|1.7|0.0|1.5|0.5|1.1|72.9|22.5|4.2|30139|27.0|17.1|38.3|8.3|88.9|0.0|0.7|18.0|43.8|21.4|32.7|29.0|11.1||||35.7|13.1|0.3|0.3||
PA15|PA|15|Pennsylvania|District 15|646300|89.5|3.1|0.2|1.7|0.0|1.6|3.9|7.9|86.4|2.8|8.5|45330|38.7|8.2|39.4|30.1|25.9|1.4|39.1|15.5|48.5|22.2|32.4|27.0|17.6||||55.4|23.7|0.3|0.3||
PA16|PA|16|Pennsylvania|District 16|646328|87.9|4.3|0.2|1.4|0.0|1.5|4.7|9.0|84.5|4.0|10.6|45934|39.6|9.4|41.6|28.7|24.8|2.4|35.7|13.2|49.1|22.8|29.9|24.6|20.3||||58.1|26.4|0.2|0.2||
PA17|PA|17|Pennsylvania|District 17|646420|88.7|7.5|0.1|1.1|0.0|1.1|1.4|3.2|87.3|7.3|3.9|40473|37.6|8.4|36.4|22.4|19.6|5.3|47.9|16.0|47.9|17.4|29.1|26.0|20.5||||53.1|21.6|0.2|0.3||
PA18|PA|18|Pennsylvania|District 18|646374|95.8|2.0|0.1|1.3|0.0|0.7|0.2|0.6|95.4|2.0|2.7|44938|37.5|6.3|31.7|11.6|76.2|0.1|9.5|17.6|47.9|29.3|38.0|28.3|11.6||||57.6|23.7|0.2|0.2||
PA19|PA|19|Pennsylvania|District 19|646389|93.4|3.1|0.2|1.1|0.0|1.1|1.2|2.7|92.2|2.9|3.1|45345|42.1|6.8|41.1|21.7|42.5|1.0|26.6|14.1|50.8|21.3|30.1|27.0|20.1||||57.6|24.0|0.2|0.2||
RI01|RI|1|Rhode Island|District 1|524157|85.7|4.4|0.3|1.9|0.0|2.9|4.7|7.5|82.6|4.1|16.4|40616|35.6|11.9|43.0|7.7|48.1|0.1|40.9|15.4|47.9|26.0|34.5|26.8|15.6||||46.5|19.8|0.3|0.4||
RI02|RI|2|Rhode Island|District 2|524162|84.3|4.5|0.6|2.6|0.1|2.5|5.4|9.8|81.2|3.9|13.6|44129|35.8|11.9|40.9|7.6|44.4|0.1|43.3|13.7|47.6|25.2|33.4|27.4|14.8||||49.9|22.2|0.3|0.4||
SC01|SC|1|South Carolina|District 1|668668|74.8|21.1|0.4|1.3|0.1|1.3|1.1|2.5|73.7|20.9|3.2|40713|38.1|11.5|50.9|79.0|14.4|0.0|1.4|11.8|48.1|25.4|32.0|27.7|11.4||||51.4|21.4|0.3|0.3||
SC02|SC|2|South Carolina|District 2|668668|69.5|26.4|0.3|1.2|0.1|1.2|1.4|3.3|68.0|26.2|3.6|42915|40.0|11.0|47.5|64.6|24.5|0.0|1.2|11.2|46.4|28.5|35.9|27.2|12.0||||53.4|23.8|0.3|0.4||
SC03|SC|3|South Carolina|District 3|668669|76.9|20.6|0.2|0.6|0.0|0.8|0.8|1.9|76.0|20.5|2.1|36092|35.8|13.3|41.6|47.6|35.1|0.0|5.3|13.4|45.6|17.1|26.6|22.1|24.4||||53.8|21.9|0.2|0.3||
SC04|SC|4|South Carolina|District 4|668669|76.2|19.8|0.2|1.4|0.0|1.1|1.3|3.2|74.6|19.7|4.2|39417|37.6|11.4|45.9|47.4|34.7|0.0|10.0|12.2|48.4|22.3|30.1|25.9|20.6||||52.4|22.6|0.2|0.3||
SC05|SC|5|South Carolina|District 5|668668|64.9|32.3|0.6|0.5|0.0|0.8|0.8|1.8|64.1|32.2|1.6|35416|35.4|15.2|40.1|52.0|27.5|0.0|8.1|11.9|44.5|14.8|24.4|24.1|25.3||||51.4|22.4|0.3|0.3||
SC06|SC|6|South Carolina|District 6|668670|40.8|57.0|0.3|0.5|0.0|0.8|0.6|1.5|40.3|56.7|1.5|28967|28.2|22.4|38.3|59.2|21.1|0.0|4.5|12.1|39.9|14.1|24.2|23.9|21.2||||43.6|18.5|0.2|0.3||
SD01|SD|1|South Dakota|District 1|754844|88.7|0.6|8.3|0.6|0.0|1.3|0.5|1.4|88.0|0.6|3.0|35282|44.8|13.2|44.3|19.7|48.3|0.1|7.0|14.3|49.6|21.5|32.6|26.5|14.2||||54.2|24.5|0.2|0.2||
TN01|TN|1|Tennessee|District 1|632143|95.8|2.2|0.2|0.4|0.0|0.8|0.6|1.5|95.0|2.1|1.4|31228|36.4|14.8|41.3|69.0|14.2|0.4|6.4|14.5|45.4|15.0|25.4|24.6|23.0||||55.9|21.6|0.2|0.2||
TN02|TN|2|Tennessee|District 2|632144|90.7|6.3|0.3|1.0|0.0|1.1|0.6|1.3|90.1|6.2|2.0|36796|38.6|12.2|46.1|57.5|32.2|0.1|2.2|13.2|47.8|23.3|32.4|27.2|16.5||||53.6|21.9|0.2|0.3||
TN03|TN|3|Tennessee|District 3|632143|85.9|11.1|0.3|0.9|0.0|1.1|0.6|1.6|85.2|11.1|2.0|35434|36.8|13.4|43.1|60.3|27.4|0.2|2.8|13.6|46.5|18.9|29.1|25.3|21.3||||54.1|21.7|0.2|0.2||
TN04|TN|4|Tennessee|District 4|632143|93.3|4.5|0.3|0.3|0.0|0.9|0.7|1.6|92.6|4.4|1.4|31645|34.7|15.2|40.8|44.1|32.9|0.2|1.8|14.5|43.6|11.3|23.0|22.2|27.7||||57.9|23.5|0.2|0.2||
TN05|TN|5|Tennessee|District 5|632143|70.0|23.6|0.3|2.0|0.1|1.8|2.2|4.2|68.2|23.4|6.3|40419|38.2|12.2|53.2|62.5|33.3|0.0|0.6|10.8|51.1|27.9|35.6|28.7|12.9||||42.5|18.0|0.4|0.4||
TN06|TN|6|Tennessee|District 6|632143|90.3|6.4|0.3|0.9|0.0|1.0|1.1|2.6|89.0|6.3|2.6|39721|40.9|11.1|48.3|53.9|31.9|0.0|1.1|10.9|49.7|16.3|26.9|26.1|22.6||||57.8|26.3|0.2|0.3||
TN07|TN|7|Tennessee|District 7|632139|84.6|11.5|0.3|1.5|0.1|1.2|0.9|2.2|83.5|11.4|2.6|50090|42.9|8.0|49.2|38.5|50.1|0.0|0.4|9.8|47.3|29.2|37.2|26.8|15.3||||64.5|31.3|0.2|0.2||
TN08|TN|8|Tennessee|District 8|632142|75.2|22.4|0.3|0.5|0.0|0.9|0.7|1.6|74.4|22.3|1.4|33001|35.5|15.0|44.8|41.1|46.3|0.0|0.7|13.2|43.9|12.5|23.8|23.9|25.2||||52.6|22.3|0.2|0.3||
TN09|TN|9|Tennessee|District 9|632143|36.1|59.7|0.2|1.5|0.0|1.0|1.4|3.0|34.9|59.5|4.6|33806|28.5|19.4|48.3|39.4|58.9|0.0|0.0|10.7|44.1|22.1|30.5|29.8|16.3||||35.3|15.7|0.4|0.3||
TX01|TX|1|Texas|District 1|651619|74.4|18.4|0.4|0.5|0.0|1.3|4.8|9.3|70.6|18.3|7.1|33461|34.7|16.0|44.8|51.2|37.2|0.0|0.1|14.1|42.4|17.6|27.8|25.6|18.4||||55.1|23.9|0.2|0.3||
TX02|TX|2|Texas|District 2|651620|71.0|19.1|0.4|2.6|0.1|1.8|5.0|12.6|64.2|19.0|10.0|47029|36.4|11.4|46.9|45.4|50.5|0.0|0.1|9.9|44.7|23.2|34.4|28.6|12.8||||56.7|27.5|0.2|0.3||
TX03|TX|3|Texas|District 3|651619|71.7|9.4|0.5|8.4|0.1|2.5|7.5|16.9|63.3|9.2|21.1|60878|45.6|7.0|60.6|52.0|47.0|0.0|0.0|5.4|53.1|41.4|46.4|28.2|8.1||||56.9|31.6|0.3|0.2||
TX04|TX|4|Texas|District 4|651619|83.0|10.4|0.8|0.6|0.0|1.6|3.6|7.9|79.2|10.4|5.3|38276|37.5|12.8|48.5|47.1|37.4|0.0|0.1|13.2|44.5|18.0|30.5|25.9|16.4||||58.5|26.1|0.3|0.3||
TX05|TX|5|Texas|District 5|651619|77.5|12.5|0.6|1.5|0.0|1.8|6.0|12.9|71.5|12.4|9.5|41007|37.5|11.0|47.9|53.8|35.3|0.0|0.1|12.0|45.3|18.6|30.3|29.3|13.9||||56.1|25.7|0.3|0.3||
TX06|TX|6|Texas|District 6|651619|73.0|13.0|0.5|3.5|0.1|2.3|7.6|15.9|65.8|12.8|14.1|45857|41.0|10.4|53.7|63.7|28.8|0.0|0.1|8.9|49.0|24.4|33.7|28.7|14.1||||56.1|28.3|0.3|0.3||
TX07|TX|7|Texas|District 7|651620|77.7|5.7|0.4|6.9|0.1|2.7|6.6|18.0|67.5|5.6|21.1|57846|43.7|7.4|56.8|54.8|44.1|0.0|0.0|9.2|54.1|50.0|52.2|27.3|5.9||||48.0|23.1|0.6|0.4||
TX08|TX|8|Texas|District 8|651620|85.0|8.8|0.5|0.8|0.0|1.4|3.4|9.0|80.1|8.7|6.6|40459|35.0|12.6|47.9|54.1|27.5|0.0|0.2|11.4|42.1|17.7|29.4|26.3|14.7||||60.7|27.8|0.2|0.3||
TX09|TX|9|Texas|District 9|651619|32.9|37.5|0.4|10.7|0.1|3.7|14.7|32.8|17.4|37.0|38.8|34870|30.3|18.4|55.9|69.2|29.2|0.0|0.0|5.7|45.3|24.2|30.5|27.6|12.6||||43.5|24.6|0.4|0.4||
TX10|TX|10|Texas|District 10|651620|75.5|9.2|0.4|4.0|0.0|2.3|8.5|18.7|66.5|9.1|15.7|52465|43.3|8.2|56.5|43.6|48.7|0.0|0.1|7.5|52.1|35.2|42.3|27.6|9.9||||54.7|29.0|0.4|0.4||
TX11|TX|11|Texas|District 11|651620|80.4|4.2|0.6|0.6|0.0|2.1|12.2|29.6|64.6|4.0|19.4|32711|35.8|15.8|45.1|41.3|45.2|0.0|0.1|14.8|41.7|17.0|28.8|25.9|14.1||||56.8|25.3|0.2|0.3||
TX12|TX|12|Texas|District 12|651619|77.6|5.7|0.7|2.4|0.1|2.4|11.1|23.7|66.5|5.6|17.5|41735|38.0|11.3|52.8|54.2|39.3|0.0|0.1|10.0|46.9|21.1|30.2|27.8|15.6||||54.4|27.0|0.3|0.3||
TX13|TX|13|Texas|District 13|651620|81.0|5.8|0.8|1.1|0.0|2.1|9.1|17.6|73.7|5.7|10.9|33501|38.9|14.0|48.3|26.7|64.8|0.0|0.1|14.1|43.3|17.2|28.6|24.7|15.7||||55.7|24.8|0.2|0.2||
TX14|TX|14|Texas|District 14|651619|75.3|10.0|0.5|1.7|0.0|2.2|10.3|24.9|62.1|9.8|14.7|41335|35.9|13.3|46.6|48.3|41.8|0.0|0.2|10.9|43.7|19.3|32.0|24.2|14.5||||57.0|27.4|0.3|0.2||
TX15|TX|15|Texas|District 15|651619|78.1|2.9|0.5|0.5|0.0|2.1|15.9|69.0|27.2|2.7|52.0|28061|29.3|28.7|39.3|55.8|24.4|0.0|0.2|12.1|34.7|13.3|27.6|23.7|15.0||||60.7|31.9|0.3|0.4||
TX16|TX|16|Texas|District 16|651619|73.9|3.2|0.8|1.0|0.1|3.2|17.7|77.7|17.4|2.9|61.1|31245|26.7|23.6|45.1|13.2|83.4|0.0|0.0|10.0|35.6|17.0|29.7|28.4|16.3||||56.1|31.5|0.2|0.2||
TX17|TX|17|Texas|District 17|651620|78.6|10.4|0.5|1.5|0.1|1.8|7.2|15.4|71.4|10.3|10.4|35253|38.1|17.0|53.7|52.5|33.3|0.0|0.1|11.9|44.5|20.0|30.9|26.3|14.9||||52.7|23.9|0.2|0.3||
TX18|TX|18|Texas|District 18|651619|36.9|40.4|0.4|3.4|0.1|2.7|16.1|35.6|19.7|40.1|29.7|31291|25.6|23.3|48.9|44.3|53.6|0.0|0.1|8.3|40.2|14.4|24.0|28.1|17.2||||40.9|21.5|0.6|0.4||
TX19|TX|19|Texas|District 19|651619|77.2|5.5|0.6|0.8|0.0|2.1|13.7|29.0|63.6|5.3|17.1|31575|38.0|17.5|48.3|32.1|60.6|0.0|0.1|12.9|43.4|18.7|30.9|25.9|13.3||||54.3|24.9|0.2|0.3||
TX20|TX|20|Texas|District 20|651619|65.1|6.9|0.9|1.5|0.1|4.1|21.3|67.1|23.4|6.6|38.2|31937|27.8|19.9|48.1|46.0|52.8|0.0|0.0|10.4|40.4|15.4|26.9|29.7|12.1||||45.7|23.4|0.3|0.3||
TX21|TX|21|Texas|District 21|651619|84.0|3.9|0.5|3.1|0.1|2.5|5.9|18.1|73.1|3.8|10.8|55609|44.1|7.0|56.0|54.2|39.2|0.0|0.1|10.1|51.6|43.1|47.6|28.1|6.4||||54.7|25.5|0.4|0.4||
TX22|TX|22|Texas|District 22|651619|71.3|9.4|0.4|8.0|0.1|2.5|8.3|20.3|60.6|9.3|18.8|57932|42.4|7.3|49.5|43.2|53.1|0.0|0.0|7.2|48.8|32.4|42.0|27.1|10.7||||62.5|33.6|0.2|0.3||
TX23|TX|23|Texas|District 23|651620|80.8|1.7|0.6|1.2|0.1|2.5|13.1|55.1|41.0|1.6|41.8|38081|35.8|18.4|46.8|56.9|29.4|0.0|0.1|11.0|41.0|25.9|36.8|26.4|10.4||||60.4|30.6|0.3|0.2||
TX24|TX|24|Texas|District 24|651620|73.1|9.8|0.5|6.3|0.2|2.5|7.6|17.9|63.9|9.6|17.6|56098|45.1|6.3|58.9|61.6|37.3|0.0|0.0|5.7|55.0|36.2|41.7|31.2|10.3||||53.7|28.1|0.3|0.3||
TX25|TX|25|Texas|District 25|651619|66.5|7.6|0.6|1.2|0.0|2.7|21.4|68.6|21.9|7.3|52.7|28348|27.1|28.8|47.5|54.2|34.1|0.0|0.1|9.1|39.0|15.0|26.5|25.6|13.7||||49.8|27.5|0.4|0.4||
TX26|TX|26|Texas|District 26|651619|72.9|15.6|0.6|2.2|0.1|2.1|6.5|14.3|66.1|15.5|11.3|48714|41.3|11.0|55.7|49.5|46.2|0.0|0.1|7.9|49.2|26.9|35.1|29.4|12.6||||55.8|28.9|0.3|0.3||
TX27|TX|27|Texas|District 27|651619|75.8|2.7|0.6|0.8|0.1|2.8|17.3|68.1|27.6|2.5|45.8|31327|28.8|25.3|44.6|55.4|36.6|0.0|0.1|10.6|37.4|16.2|28.8|26.3|13.6||||56.0|29.3|0.2|0.3||
TX28|TX|28|Texas|District 28|651620|68.3|6.3|0.8|0.5|0.1|3.3|20.7|64.5|27.9|6.0|40.1|31355|28.7|22.6|43.4|50.8|38.2|0.0|0.1|9.9|38.4|10.9|22.5|27.5|16.4||||54.9|29.2|0.3|0.3||
TX29|TX|29|Texas|District 29|651619|55.0|10.0|0.7|1.4|0.1|3.7|29.2|66.1|21.9|9.7|50.2|31751|22.6|21.9|46.7|40.8|56.8|0.0|0.0|7.0|36.2|6.5|14.8|25.5|21.5||||55.0|33.7|0.4|0.4||
TX30|TX|30|Texas|District 30|651620|36.6|41.8|0.5|1.3|0.1|2.4|17.3|34.2|21.9|41.4|27.7|33505|25.7|21.4|50.9|51.6|46.3|0.0|0.0|7.9|41.0|16.0|25.0|27.1|16.9||||40.0|21.1|0.9|0.4||
TX31|TX|31|Texas|District 31|651619|73.2|13.3|0.6|2.2|0.3|2.8|7.6|16.3|66.1|13.0|10.3|43381|43.7|9.6|58.3|52.8|37.9|0.0|0.1|8.8|42.6|24.1|35.6|27.0|12.4||||59.8|31.4|0.2|0.3||
TX32|TX|32|Texas|District 32|651620|67.6|7.9|0.6|4.2|0.1|2.9|16.7|36.2|50.1|7.7|34.1|45725|35.3|12.5|58.4|54.7|44.3|0.0|0.0|9.3|49.9|36.4|38.2|27.6|11.2||||45.0|22.4|0.6|0.4||
UT01|UT|1|Utah|District 1|744389|88.0|1.2|0.9|1.7|0.6|2.3|5.4|11.1|83.3|1.1|8.4|45058|39.0|9.5|51.2|8.4|87.8|0.1|0.3|8.6|46.7|24.7|31.3|27.4|15.6||||62.2|34.6|0.3|0.3||
UT02|UT|2|Utah|District 2|744390|90.8|0.6|2.3|1.6|0.3|1.9|2.4|5.9|88.0|0.6|6.3|45583|36.9|9.0|48.6|12.4|79.4|0.5|0.6|10.8|47.2|30.9|36.0|29.6|10.3||||60.2|30.4|0.3|0.3||
UT03|UT|3|Utah|District 3|744390|88.9|0.5|0.8|1.8|1.1|2.2|4.7|10.0|84.5|0.5|8.3|46568|39.0|9.7|52.3|8.1|87.9|0.6|0.7|6.2|46.4|22.1|30.1|29.6|14.8||||67.9|41.1|0.2|0.2||
VA01|VA|1|Virginia|District 1|643514|76.1|18.6|0.4|1.7|0.1|2.0|1.1|3.0|74.7|18.4|3.1|50257|41.6|6.7|48.5|47.7|28.6|0.0|13.8|11.2|46.9|26.8|36.7|26.1|11.0||||58.6|27.4|0.2|0.2||
VA02|VA|2|Virginia|District 2|643510|69.2|21.8|0.4|4.1|0.1|2.6|1.8|4.4|67.4|21.4|4.7|44193|40.3|8.7|54.4|49.7|34.9|0.0|10.2|9.4|43.3|25.5|34.0|29.0|10.6||||52.7|25.8|0.2|0.3||
VA03|VA|3|Virginia|District 3|643476|38.6|56.4|0.5|1.4|0.1|1.9|1.2|2.6|37.7|56.0|3.0|32238|29.3|18.9|50.1|36.9|47.0|0.0|11.6|11.7|42.3|17.2|27.8|27.6|15.5||||36.4|15.3|0.3|0.3||
VA04|VA|4|Virginia|District 4|643477|62.9|33.3|0.3|1.3|0.0|1.3|0.8|2.0|62.0|33.1|2.2|45249|38.8|9.5|44.6|47.7|27.4|0.0|14.4|10.6|45.4|19.6|31.4|26.4|15.7||||55.7|26.0|0.2|0.3||
VA05|VA|5|Virginia|District 5|643497|73.2|24.1|0.2|1.0|0.0|1.0|0.6|1.6|72.4|23.9|2.2|35739|37.4|13.2|41.0|47.0|13.1|0.0|20.6|14.8|45.6|19.0|29.3|24.0|20.4||||52.1|20.2|0.2|0.3||
VA06|VA|6|Virginia|District 6|643504|85.9|11.0|0.2|1.0|0.0|1.2|0.8|2.0|84.8|10.9|2.7|37773|38.9|11.0|43.7|37.5|31.5|0.1|18.2|15.0|48.3|20.8|29.3|26.6|18.5||||52.0|20.8|0.2|0.3||
VA07|VA|7|Virginia|District 7|643499|79.1|16.2|0.3|2.3|0.0|1.2|0.9|2.0|78.2|16.1|4.1|50990|42.5|6.1|46.0|47.9|26.0|0.0|16.9|12.1|51.8|33.2|39.8|28.6|10.1||||55.4|25.4|0.3|0.3||
VA08|VA|8|Virginia|District 8|643503|64.5|13.7|0.3|9.5|0.1|4.4|7.4|16.4|57.1|13.4|27.9|63430|44.1|7.5|58.7|37.5|56.7|0.0|4.0|8.8|57.5|53.8|55.9|21.0|4.7||||40.6|17.9|0.7|0.4||
VA09|VA|9|Virginia|District 9|643514|94.0|3.9|0.2|0.8|0.0|0.8|0.4|1.1|93.3|3.8|1.3|29783|34.2|16.2|38.5|54.5|9.3|1.9|22.1|14.6|42.8|14.0|26.2|22.9|23.1||||55.2|21.3|0.2|0.3||
VA10|VA|10|Virginia|District 10|643512|80.6|6.9|0.2|6.6|0.1|2.5|3.1|7.1|77.2|6.7|12.9|71560|46.8|4.4|51.9|38.3|45.1|0.0|9.1|7.3|53.7|43.1|48.2|24.3|7.6||||62.0|33.2|0.2|0.3||
VA11|VA|11|Virginia|District 11|643509|71.4|10.3|0.3|10.9|0.1|3.4|3.6|9.1|66.8|10.1|18.7|80397|45.9|3.8|49.2|35.4|56.7|0.0|6.0|7.4|52.7|48.9|52.1|24.5|5.2||||64.4|33.1|0.2|0.3||
VT01|VT|1|Vermont|District 1|608827|96.8|0.5|0.4|0.9|0.0|1.2|0.2|0.9|96.2|0.5|2.8|40856|45.4|9.4|40.9|4.7|12.1|0.2|58.6|12.7|52.1|29.4|36.3|24.5|14.0||||52.5|23.2|0.4|0.6||
WA01|WA|1|Washington|District 1|654904|83.8|1.8|0.9|7.9|0.3|3.5|1.7|4.3|81.6|1.8|9.5|58565|43.4|5.6|50.8|49.8|41.1|0.0|4.2|9.5|51.6|36.4|42.5|27.0|9.3||||56.2|27.4|0.4|0.4||
WA02|WA|2|Washington|District 2|654903|88.0|1.1|2.0|2.8|0.2|2.9|2.8|5.8|85.6|1.1|5.5|45441|40.0|10.0|53.4|47.4|30.2|0.0|3.4|11.5|46.4|22.4|30.0|25.0|14.9||||55.2|25.3|0.3|0.3||
WA03|WA|3|Washington|District 3|654898|89.8|1.2|1.1|2.6|0.3|2.9|2.0|4.6|87.7|1.2|5.9|44426|38.5|10.5|52.2|67.3|19.8|0.0|2.6|11.4|46.0|21.4|30.9|26.1|15.9||||55.2|24.8|0.2|0.4||
WA04|WA|4|Washington|District 4|654901|75.7|0.9|2.2|1.3|0.1|3.0|16.8|26.4|67.8|0.8|19.7|37764|38.3|16.2|48.2|74.4|13.9|0.1|3.5|11.2|41.9|18.7|30.1|22.6|14.5||||57.1|27.9|0.2|0.2||
WA05|WA|5|Washington|District 5|654904|89.7|1.3|2.4|1.7|0.2|2.7|2.0|4.5|87.7|1.3|4.5|35720|38.2|14.4|48.8|39.1|43.2|0.1|7.4|13.0|44.2|23.8|33.5|26.5|12.3||||51.3|22.4|0.2|0.3||
WA06|WA|6|Washington|District 6|654902|79.8|5.7|2.4|4.5|0.7|4.8|2.1|5.1|77.7|5.5|6.4|39205|34.6|13.2|49.8|60.2|22.9|0.0|5.6|13.9|42.4|20.1|29.5|25.3|13.9||||49.4|20.2|0.3|0.3||
WA07|WA|7|Washington|District 7|654902|69.3|8.4|1.1|13.3|0.6|4.6|2.8|5.8|66.9|8.3|15.9|45864|41.7|11.5|54.6|48.3|35.2|0.0|13.6|11.9|55.8|44.1|46.3|24.6|9.2||||34.7|13.7|1.1|0.9||
WA08|WA|8|Washington|District 8|654905|84.1|2.0|0.9|7.9|0.3|3.2|1.7|4.0|82.1|2.0|9.5|63854|43.7|5.1|49.3|38.1|50.9|0.0|3.8|8.8|50.9|37.4|41.7|26.8|11.1||||61.7|31.2|0.3|0.4||
WA09|WA|9|Washington|District 9|654902|76.0|6.5|1.3|7.2|1.0|5.0|3.1|6.7|73.3|6.3|10.2|46495|40.0|9.2|55.2|53.5|37.6|0.0|4.4|9.9|47.3|22.3|30.6|28.7|14.5||||51.4|24.3|0.3|0.3||
WI01|WI|1|Wisconsin|District 1|670458|90.1|4.7|0.3|1.0|0.0|1.4|2.4|5.7|87.4|4.6|4.6|50372|41.8|6.3|43.2|11.5|80.2|0.0|4.2|12.4|50.9|21.5|31.0|26.4|20.0||||55.9|25.3|0.2|0.2||
WI02|WI|2|Wisconsin|District 2|670457|90.6|3.6|0.4|2.4|0.0|1.6|1.4|3.4|89.0|3.6|4.9|46979|48.5|8.7|50.3|16.6|67.1|0.0|4.9|10.9|55.6|32.1|37.9|25.7|14.5||||49.7|22.6|0.3|0.4||
WI03|WI|3|Wisconsin|District 3|670462|96.6|0.5|0.6|1.2|0.0|0.8|0.3|0.9|96.1|0.5|2.3|40006|45.6|9.8|42.6|14.0|44.1|0.0|13.9|13.5|51.9|19.5|29.6|23.8|20.1||||55.6|25.0|0.2|0.2||
WI04|WI|4|Wisconsin|District 4|670458|54.8|33.4|0.9|2.7|0.0|2.6|5.6|11.2|50.4|33.0|10.9|33121|28.3|19.8|50.1|8.6|84.1|0.0|4.3|11.4|43.9|17.8|27.5|26.5|21.2||||33.5|14.8|0.4|0.3||
WI05|WI|5|Wisconsin|District 5|670458|95.3|1.3|0.2|1.5|0.0|0.9|0.7|2.2|94.0|1.3|3.4|58594|46.0|3.4|41.3|10.7|79.3|0.0|6.2|13.7|53.5|35.0|40.9|27.3|14.1||||60.3|27.5|0.2|0.2||
WI06|WI|6|Wisconsin|District 6|670440|95.3|1.1|0.4|1.5|0.0|0.8|0.9|2.3|94.1|1.0|3.1|44242|44.5|6.1|41.2|9.8|67.2|0.0|7.2|14.3|51.6|17.1|26.4|22.8|26.3||||57.4|25.0|0.1|0.2||
WI07|WI|7|Wisconsin|District 7|670462|95.6|0.3|1.5|1.5|0.0|0.8|0.3|0.9|95.1|0.3|2.4|39026|42.8|8.6|38.2|9.5|47.7|0.0|11.8|15.2|49.5|16.6|27.3|24.2|22.0||||56.6|24.0|0.2|0.2||
WI08|WI|8|Wisconsin|District 8|670480|93.2|0.6|2.7|1.4|0.0|1.0|1.0|2.2|92.2|0.6|2.9|43274|44.0|6.8|41.4|10.1|61.3|0.0|8.4|13.5|51.0|19.1|28.6|25.3|21.0||||56.8|25.3|0.2|0.2||
WV01|WV|1|West Virginia|District 1|602545|96.4|1.8|0.2|0.7|0.0|0.8|0.2|0.7|95.8|1.7|1.3|30303|33.1|17.0|36.7|17.1|65.6|0.8|6.0|15.8|42.2|16.3|28.4|25.6|16.8||||53.2|20.9|0.2|0.2||
WV02|WV|2|West Virginia|District 2|602243|94.4|3.6|0.2|0.5|0.0|1.0|0.2|0.8|93.9|3.6|0.9|33198|34.0|14.8|38.3|38.0|39.7|0.2|7.8|14.6|43.6|16.2|29.1|26.0|17.0||||54.6|21.9|0.3|0.3||
WV03|WV|3|West Virginia|District 3|603556|94.4|4.1|0.2|0.4|0.0|0.8|0.1|0.6|93.9|4.1|0.6|25630|27.1|21.9|35.0|41.3|38.1|2.4|6.4|15.6|35.8|12.0|25.9|26.7|15.2||||54.1|21.1|0.2|0.2||
WY01|WY|1|Wyoming|District 1|493782|92.1|0.8|2.3|0.6|0.1|1.8|2.5|6.4|88.9|0.7|3.0|37892|43.8|11.4|48.7|18.6|63.5|0.9|0.4|11.6|48.8|21.9|30.0|24.2|12.8||||54.8|24.3|0.2|0.2||
